398739
398796
392535
398742
398099
398099
406262
399409
400714
410186
410251
398329
400476
413636
413749
413588
413604
411624
413620
413652
413684
392530
392633
392665
392681
392697
399194
392769
398920
398888
394688
394704
394736
394752
394768
411527
411559
398532
400235
400443
400539
407132
413587
413603
392570
398924
392902
392669
392685
392701
409876
394692
394724
400701
400717
416738
411531
411611
394223
413717
413765
413781
411512
411576
398543
398768
402089
402105
402939
403230
403278
408368
408448
408544
413546
413610
413594
413658
409936
413691
413723
413739
413755
413771
400274
409879
394057
398523
398710
398742
398758
402063
402111
403057
403154
410302
415792
415824
410558
397226
408739
425089
414755
398844
414523
415654
415798
415814
429873
397495
397232
403758
403774
403822
396414
397200
403338
397184
410276
414443
398796
398861
425090
408713
414756
408745
398684
414757
399744
399760
415652
415796
403304
403320
403756
397198
397557
403336
403740
397182
410274
397246
415764
425087
414754
425120
408727
397643
403745
397187
410295
397123
398799
408716
414759
414887
398848
403332
397162
398790
425112
414750
398872
398678
406644
395906
399769
399785
399801
399833
399849
399865
399890
399986
400002
400947
402722
408550
408566
413351
413431
413447
413479
414325
414405
414469
401445
406724
413495
401349
395541
403752
403800
403832
413511
413527
414453
399689
399737
399753
402544
417878
395346
395621
401156
416131
416181
401509
401605
424677
412785
413093
412737
399762
399794
399842
399874
399947
399963
399979
400956
400988
402635
408367
408447
408543
413232
413328
413440
413456
413472
413520
414414
414462
430184
401438
402521
406799
401358
413536
424166
399682
399746
409860
424070
424097
402505
402537
416080
416108
395339
395630
401133
396646
397175
397464
415661
397127
398787
425105
408752
398869
408560
414415
414431
414463
415802
415818
397499
397220
397461
403810
403874
397547
397563
397644
403326
403342
397188
410296
410520
398800
414399
414447
408749
417283
398849
398688
401149
414382
416191
424969
413264
401454
401470
401502
401518
401582
424668
413150
400187
412714
414446
424287
395322
395322
396037
399547
395256
408734
397548
403747
396644
397173
397189
397564
397157
398801
398850
413125
424641
393366
395329
396028
396044
399247
391598
393072
393751
401940
401972
424088
424104
401780
401796
424144
424046
401949
401965
401981
402061
401724
401789
401805
401741
399747
399763
399779
399795
399811
399900
399948
399964
399980
399996
400012
413215
413217
413233
413249
413313
413425
413441
414527
424073
430185
402522
406734
413537
413135
413505
413521
401294
401679
416081
416109
395631
416192
402538
424970
413265
401535
401551
401583
401599
412892
413087
424168
424289
395307
395307
395340
395257
396270
393074
393753
401977
402057
401785
401801
424153
424277
399740
399756
399820
399836
399868
399973
399989
400197
400966
413338
413466
414424
414472
414520
401448
401464
402515
406727
406793
413450
401352
413128
413514
413530
399692
399772
399788
402531
416102
395332
416134
416185
414392
402467
400181
424281
395336
391605
395254
401931
401947
401979
402059
401787
401803
401739
401942
402054
401717
401782
401798
414300
401766
401992
402056
401930
401994
402058
401721
401786
401802
424155
401738
424278
401239
401496
401512
401528
401592
401608
424682
409870
412724
424649
393369
404098
393075
393754
395250
396280
424091
401783
401799
424051
424149
401751
424308
424273
401763
424142
424042
424299
424971
413266
401472
401520
412780
412893
413088
412716
395308
395308
391609
393746
401871
401951
401967
406645
401317
399754
399802
399850
399866
399939
399955
400980
401989
402005
402053
413336
413352
413464
413512
413528
417893
402513
406791
409945
404928
394533
400688
404931
394536
411619
387389
394596
400696
411558
411574
394542
400695
406146
392645
409942
387565
409899
400706
411552
394578
404968
409943
394699
394715
394731
394747
392764
411522
411538
411554
411618
392577
392893
392692
392845
392861
394214
398306
398323
399076
399108
399188
400214
400278
400470
410213
413550
413582
413598
413662
410229
413614
413630
413646
392643
392659
392675
392691
399091
392763
398914
394730
394746
394762
409939
394213
413565
413581
413597
413661
413613
413629
413645
413694
413710
413726
413742
413758
392775
392572
392655
392671
392687
392703
392856
399071
398910
392888
392904
394694
394726
394758
400575
409878
409935
400225
400449
413641
413722
413609
413545
413593
413657
413625
413690
394697
394713
394729
394745
394761
400578
411536
411616
392891
392891
392690
392706
394212
398321
400228
400388
400404
400436
413628
398913
413612
413596
413660
398929
409938
410211
394701
394749
394765
400598
400614
398981
392766
398917
398933
398885
411524
411604
411620
392562
392579
392646
392662
392678
392694
398308
398325
398529
400232
400408
400504
410231
413584
392563
392580
392767
392631
392663
392679
399191
398918
398934
392864
392848
394686
394734
394750
400631
411525
411573
394217
398309
400265
400425
400489
413633
413553
413585
413601
413665
413617
413649
392765
392561
392578
392894
392677
392693
392862
398932
394748
394764
400629
400709
411539
411507
398307
400247
400311
400391
400519
413631
413567
413583
394687
411526
411494
398919
398887
392897
392632
392648
392664
398327
398541
400218
400298
400394
400458
413554
413586
413602
413666
413634
413650
413699
413715
413731
392654
392670
399054
399086
392774
409877
398941
392887
392887
394693
394709
394725
394741
394757
400622
410239
411516
411532
411564
411500
411596
394208
394240
400208
400272
400288
400400
400480
413608
394606
394711
394727
394743
411534
411550
411582
411614
411630
392760
392640
392704
394210
394226
394373
400242
400258
400466
400498
410209
410241
413642
392574
392761
392906
392657
392858
399121
399185
398944
409937
409881
394712
394728
394744
400625
400705
400721
411519
411535
411503
411647
394211
394227
398340
398711
400419
413547
413563
413611
392771
398922
392568
392651
399083
394690
394706
394722
394738
394754
410220
410204
394221
394237
398331
400221
400269
400285
400413
413557
413589
413605
413637
413653
413702
392867
392567
392682
392851
399114
399130
398921
392883
392899
394753
400586
401357
401709
413133
413519
413535
424162
399661
401788
401804
401677
402504
402536
413407
416107
424096
395613
401164
401756
416190
413263
401485
401517
401597
401613
413085
424283
395549
395337
401999
401791
424078
424099
424134
424170
424291
413448
424105
401765
416132
416183
424146
401253
401462
401542
401590
401606
424679
412786
413272
413110
413126
417368
424269
393367
395314
395314
395330
396045
391599
393073
399757
399773
399789
399853
399942
400150
400182
400198
400951
401928
413032
413291
413323
413339
413435
413451
413467
413515
414409
414425
414473
414521
417402
401465
401545
401561
402516
401353
413129
395545
413531
414457
399657
399741
401321
395969
399742
399758
399895
399943
399959
399975
399991
400007
400135
408539
408555
413228
413244
413308
413324
413340
413452
413484
414330
414474
414730
415921
417415
401466
401530
402517
406713
406729
406795
413130
413468
403773
403885
413516
413532
399677
404180
395970
399759
399807
399855
399871
399944
399976
400008
400921
401001
402632
413211
413325
413341
413437
413453
413517
415922
417416
400953
401451
402518
406796
413533
395353
401707
399808
399897
399961
399977
399993
400009
400089
400105
400121
408557
413246
413310
413326
413342
413438
413454
414460
415923
401468
401532
401548
402519
406699
406715
401372
413132
413518
413534
399679
413294
424060
402503
413406
416106
424095
401163
416189
414412
413262
412712
414444
397197
397556
403335
403739
396652
410305
415763
425119
425086
414753
398875
398842
397196
397555
403818
396651
397180
415762
425084
424646
425117
398874
398841
401064
401784
401800
404179
424092
402532
416103
424151
395350
395609
401128
401736
401768
416186
414393
401433
424685
413113
424651
424311
424276
395333
393076
393755
395251
396264
399678
399743
399775
413293
401290
401659
416105
424094
401130
401146
416137
416188
413261
406143
394538
394575
394609
400691
400687
386537
424107
424118
406085
386541
396934
404369
412903
401452
401484
404357
407651
407924
407956
401447
407951
407694
386536
395401
424110
407810
407954
399412
386539
424687
401270
401499
407666
407923
407955
424115
386540
396442
410480
410528
424108
412273
401178
409463
407510
396411
396427
402916
415119
408249
401173
401494
407950
386535
386571
407944
404329
401260
404374
405392
424122
410959
411988
396822
401456
407639
407928
407947
412702
386532
401234
396821
411846
407948
396292
396820
396393
409169
407931
407672
407929
399403
411844
407643
407675
402921
397270
408863
410474
410554
396741
412701
386531
386567
396416
397266
402087
397225
397241
410525
401442
407281
407641
402093
402927
403152
410524
402062
396853
401246
401278
401487
407638
407654
406622
403149
408718
404366
407949
401236
395464
424127
406621
396403
397269
402090
415126
408416
404359
407637
407958
407685
409245
410587
396418
397268
409242
408941
403460
396405
396437
397223
397239
397271
410487
408940
396408
396424
403170
410526
403496
396401
396433
397267
403130
409177
402999
402102
409255
397230
415120
414818
396397
403175
408856
403191
408696
408841
388210
400301
400316
411560
398293
410038
411612
406138
400526
407071
411578
407072
400292
404964
404992
398357
400314
407073
400520
410150
400533
407078
411617
400325
411563
400684
410034
406135
400327
400296
409947
400698
410032
394512
394597
411591
394573
394607
394601
409948
420518
401483
401547
401611
424891
413099
413115
393372
396034
399544
395253
396266
406646
395908
399739
399771
399787
399803
399819
399835
399851
399892
399940
399956
399988
400004
400100
400164
400949
400997
413225
413321
413337
413449
417380
401431
402514
406792
395543
413513
413529
424090
399691
399755
424049
416101
424106
424148
401658
414458
416104
395626
401113
401161
416187
401706
414394
413260
401450
401482
401514
401594
400183
412726
424658
393371
395334
396033
391603
395348
395607
395623
401126
401142
416133
416184
401479
401559
424680
409869
412723
413273
424271
424305
395331
396030
399249
394239
398296
398316
398536
400303
400319
400415
400511
413607
413591
413639
413655
413688
413704
413736
413752
400255
392772
392700
399068
399116
398923
392885
392853
394691
394723
394739
394755
411514
411530
394238
400222
400398
400462
413638
416729
413558
413590
413606
413542
413622
413654
413703
413719
413767
400270
411546
400318
400334
413599
413663
413647
413696
413712
413728
413760
407080
400279
398795
402116
403014
403225
410307
415797
415813
397494
397472
403337
397558
403321
414883
397623
415765
425121
413695
413711
413727
413743
400294
400310
409940
410042
398698
398714
398746
398762
398794
402099
402115
403045
403061
403208
408538
408570
410306
413698
413730
400345
400313
398540
398701
402086
402118
403032
410309
415799
415815
429883
397496
397297
397474
403775
403823
397560
396640
398797
398862
408714
413600
413664
410247
413616
413632
413648
413697
413713
413729
413745
407145
400328
398700
398716
398764
402069
402085
402101
402117
403063
403290
410308
414411
414427
414459
400261
400341
411537
411569
411601
403012
403223
408537
408553
414328
415795
415811
397492
397470
403803
410243
413644
413564
400244
409884
398760
398776
398792
402081
402097
402113
403059
403270
408568
410304
414407
414423
414471
415794
403318
403334
414455
401366
395542
413142
424089
399690
399738
401781
401797
424048
401301
401654
413709
413725
413763
400282
417255
398734
402953
403017
403049
403228
408366
408430
408542
408558
410310
414429
414461
414525
415800
397497
403324
403760
403808
414742
397202
413595
413659
413627
413643
413692
413708
413756
400211
400323
398743
398791
402064
402112
402946
403221
403269
408551
410303
414470
414518
415793
415809
397490
414422
397468
403317
403349
413544
413592
413624
413640
413656
413689
413721
413769
413560
400240
411644
398740
402109
403007
403039
403055
403218
403282
410300
415790
415806
415822
413667
413619
413635
413651
413700
413716
413732
413764
400267
400299
417257
398703
398751
402088
402104
403034
403277
410311
415817
397498
397299
403309
403793
403825
397203
397546
397562
413706
413738
413561
411533
400289
400305
395140
394225
398338
398709
402078
403136
410301
415791
415807
397488
403315
403347
396648
397177
397161
415759
411594
411626
411626
402091
402107
403053
403232
415820
397501
397222
397302
403328
403796
403344
403732
403748
403764
410522
397565
410298
397158
414746
395138
394054
398707
398739
402092
402108
402942
403233
408403
408547
408563
410299
414466
414514
415805
415821
397502
414418
414811
403345
403765
403829
414450
403329
413718
413734
413750
411529
411609
411641
398737
398769
403036
403052
403215
403279
403295
410297
415803
415819
417363
410521
397301
397479
403343
403779
403827
403891
413701
402751
399798
399814
399846
399862
399967
399983
399999
400976
400992
413220
413252
413348
413460
413524
415929
402525
413476
401362
395537
404124
413138
413508
413540
399668
399686
399750
409864
401297
413444
416084
395618
416128
416172
397487
397224
397465
403346
408737
397551
397192
397160
398788
425108
414748
398676
402736
399831
399847
399952
399968
401934
401790
401758
425110
408722
414749
398871
401315
399768
399800
399816
399969
399985
400097
400129
400994
408405
408549
413268
401458
401586
424673
412782
413090
413122
424973
424036
395326
399244
393069
401873
401953
414295
401712
424101
413222
413318
413334
413350
413446
413510
414468
414516
401460
401556
413462
417855
395540
403783
403799
403895
413526
414452
399670
399736
399752
403751
401299
402543
416086
395345
395604
395636
416130
416177
413302
401476
401524
401604
424676
412784
400193
412720
424975
393365
395312
397561
403340
403744
396641
397298
410294
398798
402382
414413
408731
429890
408715
414445
414758
408747
398847
398686
399764
399844
399901
399981
399997
400013
408369
408449
413234
413250
413314
413330
413346
413442
413474
413522
413426
414464
414528
414736
401552
406703
406719
413458
414416
416126
413136
413506
413538
399748
399780
399796
414448
416082
416110
395616
401135
402491
409862
416166
398868
398851
401329
399749
399765
399797
399813
399861
399950
399982
400014
400190
402718
408450
408546
408562
413251
413315
413331
413443
413523
414465
401441
401537
401649
413507
424100
414385
424081
402540
416083
395291
395342
395633
401120
401152
416170
424137
414449
413267
401521
401601
412781
413089
413105
424671
424972
424175
424293
396040
391594
393747
395259
395312
395328
396043
399246
391597
393071
393750
396276
395703
401875
401987
402051
414297
424103
401779
401795
401793
424085
401761
424139
401889
424294
400000
400144
400961
408548
413253
413317
413333
413445
413461
413477
413509
414403
414435
414467
414515
413541
401427
401459
401651
403750
403814
413525
414451
399751
399783
402542
413285
416085
401074
416129
416174
413301
413269
400160
401250
401443
401491
401603
412751
424675
412783
403769
415649
397554
403333
397195
414390
397538
398759
415761
424642
425114
414751
398873
401325
399745
399761
399793
399809
399841
399898
399978
399994
400138
400186
400202
400971
401932
402634
413213
413231
413247
413311
413439
415924
430169
401453
402520
406732
413455
424974
396042
391596
393070
393749
396274
401874
401970
402002
402050
424102
401778
401794
424086
424141
424041
424296
401872
401936
401984
401792
408072
401744
401760
401888
424087
401747
396498
396498
398839
396498
386572
387005
386032
386033
386339
388731
409122
410035
387564
407736
392346
407729
392347
406143
404933
406189
387128
387357
411615
392300
405969
388864
389446
396933
386573
407952
409854
388956
407953
388796
388957
388865
388798
401274
388868
393249
393313
412562
389409
401481
388866
389463
406131
396932
407812
388682
393217
407684
386576
386575
388797
393471
410529
389625
409154
386562
407652
389448
393220
387664
396824
409251
409251
410529
393478
392018
392022
407960
388804
389469
388423
399389
401473
405978
388947
388947
401471
407927
407927
388434
407926
388870
393218
393315
393475
391376
389623
401461
389424
389440
393208
409226
409226
386563
386563
409147
409163
409149
410523
398562
403199
390180
409162
409175
410469
402933
409145
403195
384898
387394
409237
409237
403191
390690
391372
387567
387355
411597
400287
404985
395168
410047
400890
385698
386151
387564
387388
397544
396656
396614
396614
396614
396614
391210
409070
411135
386845
385703
385706
385853
387565
387565
409893
388948
389634
389634
386585
396935
392301
388731
389596
401418
386584
392358
405818
412053
402370
386666
399262
405383
390685
403577
389589
386665
389603
389619
392018
392018
387564
387387
386178
412058
424058
388597
399270
396930
393254
392360
389423
393207
387660
396856
409137
389466
409164
384256
408831
385359
407980
409151
409247
407946
407962
393255
393287
387929
393169
393219
393316
407686
389953
416099
386543
386554
386546
386550
386552
386551
386559
386556
386561
386557
386548
386547
386542
386555
386558
386560
386947
387161
386339
413403
412150
413392
413424
411809
416124
413408
406548
413383
413399
413415
406545
406561
406577
413412
424325
413393
411730
404122
406559
411811
411779
411752
408076
424263
414259
414307
411778
424098
413409
402490
406479
404806
404738
406398
404817
406474
406490
411664
411632
413580
406465
404808
411653
411637
406416
406500
404759
404810
411638
411638
406425
411660
406491
404767
411662
404802
404752
406428
406444
404730
404762
406470
411721
411657
406437
413572
411720
404744
411639
413571
404764
406440
414293
408087
406551
413386
401368
413128
409835
407984
416118
413402
413434
414456
406566
412143
413417
413127
411722
413385
413401
402482
409780
413397
413413
413429
406547
406563
409781
411751
413414
413398
408073
413423
414290
409843
409859
411728
411776
424061
416123
406620
413391
402488
404123
411796
413395
413411
402492
414737
424259
406549
406565
411753
412142
413416
407966
416116
408045
408077
413400
413432
411750
411798
411942
414310
404814
411658
403078
429866
415845
403158
403190
415844
403211
403743
403759
415847
403205
403207
403287
403754
414695
415842
415858
403081
403178
415864
403138
414454
414694
403087
414892
403147
415849
415865
403201
403085
415852
415868
403297
403733
415853
415869
414889
415851
415867
415784
411805
414241
414236
408046
408078
414254
414270
408080
408082
411803
411723
403294
414744
403762
415866
403073
415840
415856
406569
412146
413388
413420
409840
409856
411725
403741
403757
411773
406617
413404
402485
406554
412147
413421
411806
409857
411726
424059
406618
413405
412148
413390
409842
409858
411871
406619
417420
402487
413419
411804
413129
409838
411724
416119
413387
406479
404738
410179
406282
406490
410182
414241
408046
408082
416117
413385
411773
411837
406551
407984
408077
413384
413387
424059
413405
406566
411776
424061
408084
411750
414293
408087
406577
403734
412108
408073
404123
412149
386651
406548
413399
411747
412152
413410
403757
411951
409789
430163
411775
414350
425100
403294
403762
425096
403741
403087
429969
425095
403201
403085
429958
425126
403205
403287
403754
403081
425093
403190
403211
403743
403759
425091
414740
410235
404744
410185
413623
403078
429866
404767
413626
404752
404762
413621
406437
410183
406451
410184
406281
406491
406283
385851
387158
392639
386845
385703
392642
396878
393502
388760
393162
393501
393161
406005
393166
393216
392367
388731
389430
392302
388443
388811
388954
393500
389425
393209
396877
393503
388737
393286
387895
393167
393314
385361
388823
392343
393513
396857
393446
393462
388672
390178
409144
392344
388756
393289
392339
399385
393252
409119
388438
392342
392322
392370
393459
393168
392345
388741
409157
390176
390177
396656
390179
391374
386257
386177
386258
386034
387346
386180
387387
395085
395171
395086
386176
386035
399190
392638
387155
387156
387564
395083
411664
415942
416138
416154
415941
416140
415932
415948
415696
415744
415760
415872
415920
415939
415738
415754
415786
415834
415914
415680
415755
415771
415787
415835
415915
415674
415757
415789
415837
415917
415675
415739
415756
415788
415836
415916
415677
415741
415743
415775
415871
415919
415676
415740
415737
415753
415785
415881
415913
415679
415873
415678
415742
415838
415918
415833
415752
415832
415880
415912
415681
415745
415747
415779
415875
415746
415874
415736
415750
415782
415830
415878
415910
415731
415751
415783
415831
415879
415911
415734
415732
415748
415780
415828
415876
415735
411556
386538
392503
386152
390181
386535
410589
406141
410045
415733
415749
415781
415829
415877
415951
416150
415938
416153
415934
415950
416149
415935
415949
416148
415936
416151
416152
415937
416143
415940
416139
416155
401762
415933
416145
415931
415947
416146
416142
415944
416141
416157
415945
416144
415930
415946
416147
416156
415943
401764
384900
409250
409250
409160
389406
393942
386566
407925
386599
389409
389426
389411
389421
389404
389420
387145
387565
385761
387003
386264
387387
386032
394986
393562
393734
415839
402485
411809
411811
402494
411796
412023
411814
411801
411817
430328
385760
394795
392660
399187
394778
394793
399362
396047
396845
396883
396848
396865
392316
392348
399346
399350
401259
393489
396844
396861
396929
393517
395217
399313
393484
392368
392318
395220
399348
399364
401257
392363
396863
396931
396036
392303
392319
407922
394076
409855
424054
392317
392349
399347
405967
396843
396860
396893
396928
394061
399351
399415
396850
396870
392314
401269
396839
396858
396926
399418
401183
401263
399339
399371
399387
401168
401264
396836
399357
401138
401186
401266
406530
396890
393481
396837
396872
410527
392311
395213
399420
394005
394053
399342
396840
396859
401165
401181
401229
384913
394052
393515
398549
394006
393781
399336
399352
400908
394063
393789
394062
384919
394009
393784
395172
395074
395120
400396
394113
395077
395075
395123
400416
394112
395076
400848
395127
400468
393881
394010
395174
394111
406013
384917
394007
384918
394008
397552
399356
396892
396927
396885
392307
401262
393492
399407
401268
405966
395179
394823
395080
400437
395079
394825
395130
387564
394824
395081
400422
394800
394772
392636
392652
385695
392666
416570
385694
394775
394791
400704
394792
400892
400680
399182
394773
400847
394780
394796
400677
400693
394783
400899
394781
394797
392647
394782
394798
398627
398626
409903
409933
409932
409929
409926
409931
409934
409922
402633
430336
430341
430332
388872
388751
386932
385700
385871
386929
386570
406526
389636
386569
389621
393736
392542
392544
392545
392535
392538
392547
404806
404738
404817
406474
413580
406465
411723
414241
414236
408046
414254
414270
408082
411722
412771
413079
412787
412934
424093
413128
417398
412788
406566
413417
413127
413067
412791
424661
406551
413386
413418
409857
411726
404181
424059
416121
412775
412431
412773
412789
412936
411806
409841
412793
411750
411958
424258
414293
408087
411728
411776
406620
411952
424928
412777
411801
408045
408077
412754
413062
413423
412928
412023
424259
409783
411753
412142
405624
412768
408073
409790
411744
411748
424325
409780
409764
412767
406563
413414
424263
414259
411746
416125
402490
411731
413410
411955
413039
412927
408076
406577
402493
409763
412766
413041
411747
406548
414341
412753
412769
413044
405947
412757
411745
413424
411809
412762
413070
406536
413419
413129
409838
411724
411836
406619
417420
412760
412776
412792
424663
411743
413390
413422
409842
409858
424157
413082
412790
406554
409788
413421
409789
413388
409840
411725
406617
412758
413049
425095
429970
425100
425096
406537
425084
425093
424666
414454
425083
415870
404764
425089
425087
425091
425090
425086
404762
411721
411657
413572
404744
413571
406467
406491
404767
411662
404802
404752
413418
412208
401368
407984
413434
413385
413401
403294
415850
412451
402485
413389
413405
412289
411953
412150
413383
413399
413396
404121
412747
412152
413394
411949
413038
413055
413071
413058
413074
403078
403211
415863
415846
403205
403207
403287
415843
403081
415848
403138
415841
415857
403087
415854
403201
403297
406398
406490
406416
406500
406425
406459
406437
413413
413429
407394
413398
424061
413391
402488
407966
413400
413432
414752
389619
389619
424030
389634
389634
424058
424058
386568
424027
386565
386574
386574
407074
407074
386577
389598
389627
409165
386564
424301
425102
424131
400712
387871
395131
399390
391497
425102
386625
386667
393221
402083
413741
413487
413747
413693
400168
400634
409868
406262
398099
398099
413402
415779
399409