396456
407284
415416
387647
387647
415417
396456
415416
415417
413823
414131
396225
392458
411213
387581
394205
416021
386803
389378
407518
394559
409467
416021
400675
400675
399035
399035
399035
400675
400675
394818
395048
401954
401954
390233
400675
400675
390228
390196
390196
390195
416021
390229
399277
400675
401954
397676
394205
390195
401954
401954
397035
397035
396967
404877
410177
410007
408812
396966
396974
404574
410702
394559
410750
410653
410942
396317
395411
412414
416021
404555
399859
395688
410758
410613
399594
396965
410938
404848
401759
410984
395435
410788
404256
410770
409988
402774
395413
411336
396178
409962
397948
396974
416004
400215
400215
396964
412528
397666
409196
396957
408383
410028
408384
412623
396973
412523
404070
412530
407518
397672
399277
399470
394818
406420
397035
408388
396962
401109
404277
390904
396972
396081
395967
396961
398507
405665
405665
412617
396461
397676
409981
409996
396461
404509
408264
396144
396959
397035
400675
389378
399277
386512
386701
386489
402774
390237
400675
399594
391638
410781
410620
389317
389378
386237
410824
386253
387008
391961
394559
389378
390237
394559
393195
410635
410619
410803
410653
410942
410782
392790
389126
409949
410788
410836
410617
410758
410613
395688
400215
410630
410984
390228
390196
389041
386294
401954
413971
387972
391638
391671
385501
413986
390195
410028
388698
408384
396144
386243
408383
386259
398507
388401
386970
409962
402314
407518
398870
405915
387392
393008
396509
402528
386445
395400
410436
410420
410420
386731
386731
400081
399151
399151
410452
410452
393996
392065
387682
389868
385778
409577
412340
411059
412356
412356
405882
386748
410658
394033
386361
396386
387526
392788
402478
387494
402592
390289
385062
410985
408211
411018
411408
386736
393136
389306
401855
399843
389822
401983
391967
410049
401622
397403
411066
387625
407710
407967
407967
387657
396368
406578
392039
405793
403604
392002
398634
404330
404330
412403
415263
405896
387808
399949
411640
411640
405784
389663
411448
386393
390639
398721
395796
415103
395645
390171
391756
401634
403097
411860
388389
388926
384046
386300
386300
394695
388884
383772
413366
394679
402841
394450
390750
400731
396146
388408
383771
390971
408695
413365
412051
407602
408759
407586
393654
414142
390256
393232
392815
404581
414062
403695
391760
387185
405981
411077
410885
410471
410471
386400
410279
395267
393954
407052
407052
398581
390144
395833
395650
400231
400231
407968
387803
391952
389966
404332
394974
387787
393053
411635
389158
399781
393588
393469
390067
395823
395839
390133
395640
395856
395372
395176
411149
392686
387560
391986
395909
388625
386520
386638
386471
386670
399145
389612
387693
387613
389861
396438
396503
406678
406678
406678
411605
390119
409492
409492
412416
412416
412319
412319
392954
411054
411054
390459
390635
387418
390003
409654
409654
409654
387420
387276
411056
387340
411623
387791
393057
415358
398720
390510
390542
387404
386456
395844
386440
395811
410129
392956
415262
408185
409830
409830
393037
394060
391974
385856
395211
392762
396392
392658
387615
387580
387903
387903
392626
393916
415504
386490
386712
393900
394029
394013
386744
399148
399148
415488
410021
410037
410127
410127
398654
390071
392986
395610
398606
395809
395241
411087
387677
389579
392808
387562
392744
387258
389048
392043
391988
391955
397183
392060
403608
402660
402756
409620
392590
410973
392554
390201
409732
409952
394873
389335
389335
395441
406840
396711
399669
393979
399099
387487
410090
387634
402024
411349
402008
402008
399607
393230
397396
401832
403821
404531
392032
395119
409545
387407
395295
410197
392049
395567
398643
385556
392011
406571
395830
397108
408153
386594
411089
402776
413852
405992
396681
408233
408041
389497
409670
387842
400239
403709
411156
413904
387826
403693
408220
405866
389601
389220
396620
399215
415489
398956
386443
394046
386491
386606
386761
386729
386729
404649
393540
393395
393742
407574
390959
397061
388688
390992
400849
388339
409295
396235
392501
398392
391114
401416
393239
399151
399135
410954
386620
393223
401985
398376
407889
393172
400893
403717
399631
398635
407888
385900
387723
403859
395469
399899
397378
386640
397459
397410
392063
395878
407699
407699
410086
399864
401988
387646
389547
390218
384902
388701
390941
393536
389031
393439
393439
392630
392630
398853
404227
397397
404596
388468
390664
400096
394879
395568
395683
388613
413370
388898
388327
393377
393395
400912
409732
401827
395760
396711
395376
389760
394027
392062
399636
393291
387903
392626
407142
395376
396714
393835
391845
395764
400062
405675
404349
405112
401855
399826
398853
387970
388306
394290
406255
406431
406166
410698
415488
393900
390663
399607
401832
392049
406913
393171
393187
396594
392549
390288
397386
397386
395871
392550
395821
401855
401983
403604
398634
389638
410391
410391
395300
390099
409676
392052
392052
405046
400338
405805
385970
411732
411732
411732
413366
392068
396592
405806
386847
405585
388601
402404
392054
396366
388333
388907
412051
390304
387751
387751
388477
390783
397040
396432
398572
398572
392070
392548
393683
390421
395553
397142
398813
413817
395193
390118
387652
387780
414600
405700
405700
414360
388346
393544
402867
401207
407581
394598
394481
412015
398355
388758
397400
388474
388337
388337
396233
400846
388773
388860
407261
397400
388475
386860
398342
386331
398356
391390
398025
405382
414395
392389
391005
408415
408431
414626
414626
414626
403930
405592
398428
387136
387136
392376
405709
408402
397522
391627
391627
398439
391707
398212
388295
397628
397512
397512
397703
393742
388613
413370
390907
388890
390976
396333
393373
409100
387603
407801
387683
398612
390255
399888
407997
393263
386659
390077
391742
389552
387827
403726
409546
393439
388481
388463
388497
411766
407204
407204
394624
396283
388997
407573
386136
390990
394488
411974
383972
394608
411910
400718
414007
407605
391989
387598
387614
411622
393036
391787
392725
393056
415341
402960
388327
411787
400739
388755
393377
411851
384053
386255
388875
400723
408767
386107
407594
396785
393662
394457
407594
386122
386268
388414
392313
398392
391114
405711
392485
401265
394811
396866
414809
395956
388736
390889
388768
396135
398853
398853
404227
410027
389800
386746
386746
413905
389833
386730
397397
387440
387440
404596
405771
385808
390927
414090
388433
396286
393676
393507
413930
407512
414042
391249
405599
386992
398495
398495
405583
403391
392449
393973
386737
388949
388966
386269
409069
409069
414298
388325
388896
388896
409053
409053
388769
396021
388873
415646
396054
407271
407544
407415
388500
385857
389000
388630
388484
386171
402254
402222
415322
415322
415306
404757
404757
394023
386367
415178
386347
394039
410648
398901
411849
413994
400737
414250
386337
393410
386139
388983
394627
408733
408717
390890
411945
390663
409609
411434
401420
395148
411511
411297
396665
395548
389581
386758
385661
391921
395376
386655
389258
386639
412241
390464
390545
401944
395363
410116
391810
395380
410386
398594
411140
392081
387583
387583
397092
392878
397140
391993
399146
399146
410797
404940
410795
410795
415340
415260
415132
393848
386438
415180
410939
386519
386740
386740
410682
410698
393928
386422
386692
399032
399032
399112
410924
410908
398968
394058
386693
391590
391590
398004
388039
388039
399434
391566
397737
397590
388204
388019
388315
388275
394216
388318
410391
413372
385794
413996
384170
385746
389262
389262
387263
395414
387327
387666
412276
386424
386424
391957
387631
393227
404560
386726
386726
403882
409851
394027
409542
392062
399636
399636
392046
396585
387452
387743
399066
386694
390251
393291
406568
396358
390281
407762
410005
392656
411557
393225
387901
407811
387885
399946
398638
398573
403688
387917
398702
389562
409700
387837
412287
408281
410333
413899
413850
410637
387455
392543
397990
386866
414360
392490
398292
392437
387175
392474
403444
405620
403268
409443
405555
409186
386881
386948
392117
386996
405587
386964
387126
398053
392505
405635
398900
410776
410776
410760
393957
399125
399125
383630
401618
400726
411581
394833
387909
401835
399906
390257
405046
385619
385619
389169
400338
400338
387749
387733
405805
405805
397095
387845
413999
396655
411207
393729
400082
412279
401963
387865
387785
396466
392820
415176
387609
390115
387334
412384
412384
399931
390691
415229
415149
412304
412304
395843
391825
395410
398687
408330
408314
395643
392939
398623
389083
410913
401929
398724
387408
404564
410214
410214
410435
410387
391831
395799
395632
395831
398660
389013
391824
388734
388322
393612
393612
396251
388888
407574
390959
386121
397061
413353
411927
402860
393521
402796
394813
396006
411818
411818
386270
388770
388897
396205
409038
388754
388874
396287
415067
394652
407336
402321
388984
386064
388932
414939
414987
397064
393611
402402
388358
388326
393540
383683
393395
407480
411850
400914
400914
388468
383991
394525
397205
396637
390059
387811
415394
395883
404944
396301
409020
388720
396053
394539
394626
394454
394490
386320
388393
388515
389015
388965
388999
402989
407543
388499
408988
388564
388654
384050
386336
386336
400912
400912
386122
396336
409087
414796
388397
396023
388707
409039
409039
388898
388723
388771
409055
409055
406873
394477
394493
407449
388632
388657
394653
388616
388968
388933
386323
388600
388435
388451
388535
393504
393590
388701
388887
388910
396168
396315
388718
409050
388750
388766
394645
394809
388944
386076
394664
385870
388928
386250
388980
402267
390941
385931
393536
389031
401042
413372
411994
390775
407577
390807
395815
410275
395054
394047
411109
391896
391994
392033
385860
387552
389536
387568
390583
399805
393838
389318
390664
386611
387635
400096
387264
395683
389240
395666
392630
395868
391762
410277
410437
395668
398646
395634
407244
395056
406718
411078
395885
391927
391980
391901
389960
387570
392084
394898
392833
393748
392068
392529
385845
409644
411613
410517
385878
387717
408159
409532
387266
395602
397191
398726
389638
410519
386619
410391
410391
386750
395300
405320
393906
400084
404657
386416
386416
405112
405000
389734
389622
400196
405112
410391
387427
387798
395402
410438
410278
389767
389068
415269
395057
395266
411096
393953
406735
387251
387926
389945
392753
387878
393969
393109
411545
398577
411187
397427
395598
407831
387534
397091
405074
399998
399998
387745
392031
393245
407622
408235
387841
391861
408301
405994
413915
408269
390694
405881
413903
387825
412452
406599
403641
405023
400831
390363
392641
407992
387886
409953
408152
387323
392809
403721
391753
413835
409685
392826
400107
414056
390072
389613
388428
402265
388978
388732
401261
411732
411732
411732
411732
411732
411732
411732
411812
414869
408760
408760
388764
388748
395952
409048
396216
409016
388371
388716
394417
401309
388995
415093
402217
402873
402396
407458
402233
384194
390025
396687
387877
387669
391797
389128
404438
390111
387797
404310
391815
410086
397392
399864
401988
389295
399899
399899
403753
407876
393226
395099
400735
386354
390266
386759
406843
387680
397459
407733
399621
399621
391958
411347
397410
396714
405768
404529
405297
386672
390693
390381
403627
392009
399933
387744
400029
400029
405025
409955
387696
393835
387712
399555
386596
395244
398689
389533
390332
403867
391876
390074
408284
387325
392811
399555
387550
393041
387873
391893
399673
402712
402696
387697
389583
389360
410497
410961
389600
401694
387761
413979
409544
411433
413931
413963
385745
389261
400722
390221
391845
395150
413995
387438
389298
409853
392676
400062
389779
402760
402760
393276
391975
396359
392876
391922
391892
387453
402743
402679
402695
387632
392593
386743
387261
394876
392829
410353
387633
412227
387601
385874
411449
411449
411449
392728
387358
395035
387793
409608
409973
395327
396715
395311
390620
410401
410401
410417
410417
398593
412259
395797
395664
408075
395646
395813
395478
391992
387550
389937
389050
387678
404991
387870
387579
387822
386439
402709
411362
389547
402004
385790
390234
390218
410192
392077
387435
387339
389336
390657
387483
413960
413900
392673
389811
399856
387734
395619
406591
387750
387750
405806
408128
407836
389172
408112
392649
398663
404599
404599
387187
389504
412344
389605
408224
410722
410722
410674
410674
398895
394017
415188
386478
404930
403857
387702
387491
405790
389853
401683
386479
385075
387910
410168
386749
390420
395434
395316
413859
399595
410078
410046
405319
394850
409549
392052
386515
391950
387350
409616
387801
393049
409504
387817
415368
389040
408179
408325
395405
395837
393908
393924
406820
389839
387574
390274
404567
399872
401964
398840
398840
393889
396592
401852
395139
399643
393282
388539
396894
388608
387639
399596
396609
387236
391835
408001
392425
403433
403433
405721
398027
387164
392495
414701
403257
388710
388362
388757
409349
409349
396322
396009
409009
394408
407291
415506
386277
394655
392460
392387
405592
405576
398520
392306
405640
387099
391145
392428
386782
398191
414600
414600
414600
414600
414600
398240
398122
403284
398328
409203
409363
392402
403300
398272
392420
392186
414616
412600
392384
405589
405573
398349
384537
403445
386867
403541
391189
414665
387046
402747
391995
387668
387201
393062
412407
412423
387393
393026
393096
393096
409515
409515
414238
392731
392711
405884
387345
409483
392478
409405
392263
405614
386943
409309
412578
412610
412658
392377
398342
387153
386908
405534
403246
386876
398477
403486
403518
403262
411877
386043
394468
394468
394504
393552
415094
407267
388869
388886
388765
390886
388390
394487
388996
389012
388594
388943
402201
403114
401214
402938
388337
385658
411845
385930
414182
388645
396233
400829
393370
388410
405500
392391
405452
386331
386331
386957
412721
398524
398356
405692
391146
414560
409131
409451
412480
403260
386990
398341
409228
387152
392483
392447
392430
388331
394461
411791
396093
401740
396060
390896
415056
409043
409027
397600
397632
385210
403958
408431
385448
408579
397620
404042
414594
414626
414626
414626
414626
414482
414674
408435
403930
391716
414555
392137
412557
412573
384659
392107
405753
393528
396291
388758
388726
415071
389021
396141
388693
388505
388587
388936
388421
394481
390934
412015
396324
388490
393650
408867
391763
396340
412095
407485
398355
405675
405723
386873
386873
387015
392262
387104
398096
415721
415721
394603
394676
388441
388458
388939
392021
395965
397039
402165
393668
391983
388333
415641
409356
392392
405356
392359
392413
398304
409244
412770
412818
412577
384687
387136
392376
391533
391537
391491
414623
384685
408496
385316
385316
413000
414639
414671
385433
391424
408482
408354
384638
397586
408498
408402
408434
397522
391538
408545
408545
408545
412887
391627
406485
385317
391698
391409
391675
414684
398227
408589
414620
385313
408413
385414
386969
386969
403512
409367
409367
409351
386069
402670
402702
387703
388507
388507
385733
407853
385122
385783
392070
385831
393635
390421
390421
393619
390097
385076
387300
409946
384276
414289
391929
387332
409470
384890
399644
401885
401885
389325
414001
396432
392054
411354
390515
404276
390434
409978
391832
395617
395866
398693
395918
395832
391814
387970
388200
394209
388305
388321
388239
388263
388220
406330
394391
406442
406346
406298
387989
388119
388151
388167
388183
388241
388306
394290
399499
399481
387937
388007
388040
388040
388088
388285
394228
388245
388308
388104
388137
394292
394343
399419
399419
387980
388029
388126
388313
394120
388273
399472
406178
394364
387993
388106
388171
388187
388249
394401
394262
406415
406431
399520
399405
399405
387983
387999
388080
388161
388177
388194
394140
406261
399526
399251
388027
388075
388091
388124
388156
388172
388290
388269
413173
413173
413109
406368
412996
387947
387964
388000
388065
388130
388162
394317
388258
388178
399492
406166
399527
399527
387938
387955
388073
388089
388122
388170
394309
388170
388186
388204
413171
399436
412880
412832
412832
399535
387967
388003
388020
388116
388165
388199
388320
388237
388219
406361
387986
388019
388280
388319
394207
406521
413052
399238
399446
387944
388015
388176
388212
388256
388315
406501
399298
394384
399250
387958
387979
388012
388092
388141
388209
388312
388253
406401
399471
406305
406305
388001
388066
388114
388196
409318
409318
398400
409350
398108
412812
392353
391340
414619
414635
412651
412571
392369
386869
405382
391224
384681
392305
398422
387032
391124
405382
392140
387117
398060
386822
409289
409289
398077
392410
386087
386939
414622
412670
398538
405578
387149
392389
386872
403530
403530
398225
405734
392120
392352
391323
405510
405526
405526
392336
392320
414634
386884
392304
387079
414442
384540
384540
386999
386999
408635
391104
390897
414897
408900
386038
415701
388364
415525
403029
415717
415717
388662
388904
388728
388880
394462
388424
415706
409197
409197
409197
409197
409277
398374
387103
386774
398146
398407
415560
386057
392261
392412
386089
387096
387160
387078
414697
392457
398365
398224
409364
409364
392351
412730
391390
392421
414553
414617
412649
405562
392443
387051
392480
414686
388634
415682
415682
409025
409025
409025
409025
402226
402226
388987
394479
386019
394816
390711
388773
388900
388900
395945
409205
409041
390010
405207
387606
386529
387686
389130
387814
389206
387331
387347
415317
415317
415317
390500
399792
390533
400275
412200
412200
396366
390227
395588
403746
403746
385561
406608
400840
406592
407885
412297
407230
390356
403666
408242
392531
406000
392770
392232
398183
392470
398289
409408
409408
408582
403265
398377
415549
398151
392380
384647
391254
414565
414645
392451
414549
412629
389003
401285
386272
394441
388969
388740
403025
396337
390893
409040
396122
388772
407226
407066
388569
388791
386115
396278
391729
407584
413938
409061
413922
408837
386116
386116
386197
400762
400762
397040
400938
400938
414099
388509
391748
414550
392471
412598
412662
398449
398449
398346
405730
386864
386864
398514
414326
398498
412502
412502
398020
412897
412897
391673
412865
397628
408395
406447
413124
385412
391689
408360
397576
384675
413137
413137
413057
397512
414391
414535
409013
388606
391029
394804
402838
391966
386261
394605
388959
390919
414772
411795
411875
394571
388665
393404
393388
393587
388907
390884
396328
396197
396031
388763
396163
388925
388994
388592
394678
389028
388527
402248
388510
414659
414531
388014
388078
388094
388127
388175
388274
394383
399329
406435
399540
399425
399425
414306
394516
385718
411825
388365
390882
403046
393499
415058
415074
388713
388881
388905
388905
395949
409029
408652
408442
408490
408490
408684
391707
397514
403937
404097
387002
392174
392442
398212
398229
398369
392371
405481
392409
398298
397851
414637
391542
408628
408662
414579
397783
408645
408452
408404
391590
385312
391725
413205
387011
387109
408681
386963
409361
409361
409201
409201
398221
384651
391507
391691
391478
408501
408453
408453
408437
384644
403980
397573
385406
414324
408348
391571
391529
408444
408444
397500
388006
388071
388039
388243
388103
388222
412894
399434
399434
399450
399450
412877
391415
408343
391481
412829
391566
385408
385307
397786
385331
408439
391676
391512
412868
412868
385447
412901
408398
403973
408414
403909
408688
413111
414397
413095
391506
412879
406349
391587
385410
385309
408473
391706
397671
408342
412926
412876
385407
412828
408422
403917
391719
404093
391684
408517
388477
390783
413955
393387
401083
401147
386330
386330
388279
394142
388318
388217
394337
388259
413180
399413
399413
387936
403559
389273
409779
411652
390426
387273
410955
409619
411444
411150
389330
408166
402307
402422
388346
411774
388660
402867
401079
387348
409999
393546
390649
398680
395652
395870
395803
395852
391817
395025
395058
387220
395887
391982
387524
388540
402606
388958
388639
386024
388366
394484
393435
396145
390883
396046
388746
388906
396213
396014
396112
395950
409014
394551
407376
394415
386088
386246
389009
386056
402247
385833
385866
388334
388334
388664
408982
413907
396124
407613
388902
390895
394513
401207
401207
407581
386128
386128
397036
388988
394598
400918
400918
395994
407565
393633
408834
410190
387644
395193
411053
403735
409571
411395
392075
392623
390118
387900
387433
410036
404349
397454
407986
412318
411182
395577
387708
407874
398572
407617
390293
395593
403623
403623
408038
401986
401986
400217
405860
411069
396662
392553
387836
387852
395725
388637
406624
387607
391947
387540
387364
389134
403650
389151
414193
387799
389246
411631
407856
398635
405083
406595
405067
397116
407888
395559
390375
408262
396353
391749
395175
403653
405941
389178
390050
406685
392597
389959
387620
392880
387876
393181
387569
391900
385893
397206
401361
402683
391795
411061
396750
385073
390175
413966
408142
387265
414206
399577
387652
387780
411484
411484
395089
411403
395553
409547
409563
387636
390369
406573
387700
398596
392034
397142
387748
387748
391785
387804
387497
387401
399551
390539
390507
390442
389046
391823
408280
398605
395824
410110
393034
395808
395857
395675
390151
387916
400185
389081
387257
392091
387561
391918
389757
395742
396351
405049
406609
389077
405017
408292
403683
387832
405904
405904
390308
408276
396626
398649
404553
405712
391098
392433
409135
385818
395575
385802
387658
392023
385580
387706
404987
387704
411407
410170
399044
403843
389174
393137
406579
386401
415159
386620
404640
399137
389226
390288
395871
384120
387912
399826
399826
403859
403731
392635
395469
409982
387123
387107
398182
398360
392416
405440
398412
392450
386910
392362
386846
398376
392114
386961
392165
391117
398479
405728
410694
410726
410726
410791
386735
386433
386417
386703
404754
394004
399107
410597
410838
386793
387122
409166
386960
398286
398133
398343
415579
392415
392361
392501
386893
405004
393239
391934
389350
404620
387867
403894
409538
404636
393623
409714
405972
407616
388986
388487
388934
388399
388617
388419
402323
397066
407018
388601
386066
388360
400724
402817
394799
400836
400836
413502
383995
383995
386256
408720
407595
394425
395976
408832
413997
394478
414760
393472
388767
388871
396035
390888
395955
388392
409279
409279
409407
409407
390906
407558
388929
388981
388431
389014
388498
402171
386335
388339
388355
411879
385932
393424
386319
388464
407477
411783
393392
388482
383977
392250
398153
409442
409442
415647
398310
409346
392382
398102
405539
403539
412583
405475
405523
392115
392166
405569
408630
414661
400134
400134
395142
390260
398825
392585
387688
387608
389093
389135
399810
387269
411680
393048
386518
386755
410954
386723
386723
386739
398998
405085
404969
399047
410858
399014
386591
404646
390360
385721
405779
406946
400104
402690
387304
407170
387272
387723
411443
411475
387496
389252
388641
404524
410083
387627
392758
409847
401841
392622
410067
387915
400893
387755
387931
410051
396709
407760
387899
387883
390344
387707
400748
385803
399829
399829
401416
401416
407616
399075
410902
386514
409487
409487
404345
395738
409807
409807
410424
410424
395820
395853
410280
385899
385899
392935
393302
394941
404929
404962
410787
398991
399024
410697
399208
404742
415403
410922
394056
393959
386348
386624
410508
409521
390652
390472
412284
386403
395639
395838
408100
395806
410282
412429
389858
411148
404947
398633
390163
395804
408324
394921
389039
387880
396367
387525
387541
389541
392819
397402
392803
390390
405337
407709
402671
402541
389418
411306
387301
390422
385077
411000
412300
410172
413940
386516
389210
389251
389251
392003
393187
385624
386366
408212
404619
409846
387626
399876
399631
399631
392073
387898
410002
390278
403749
401840
386721
387642
392637
399202
406913
406913
407185
387527
387575
400199
387594
399630
399630
389542
408261
389624
387833
389752
387673
389575
390342
403716
403716
387930
387255
392789
402609
400087
390592
401703
387303
411570
392551
390424
390084
390100
392101
388456
391902
388523
389023
391981
388636
395931
407133
397069
414992
385847
408995
413968
393384
394802
397400
391816
385620
390967
384033
385560
397128
388974
386312
402328
402309
402180
407454
396990
386344
396228
388712
383768
388475
386328
386328
388404
388990
408724
386114
386114
386260
408708
394602
396325
388586
388659
386067
389020
401302
402453
390894
407564
403026
388361
388860
388860
391002
386143
407612
402834
411933
388420
396338
411781
388683
389030
411973
385804
403098
386119
407508
400846
384047
415655
398129
403339
415559
403307
392411
392373
403515
386940
409146
412687
392177
386956
412559
390663
392543
390218
389583
392626
410812
392554
390201
390166
388355
400096
390941
392522
390234
390099
392550
395452
390424
390084
389422
393683
390097
389853
388601
392068
389638
388337
395930
390175
414190
392070
392548
394234
388332
391379
391390
392421
388361
404959
413963
387496
401416
386433
409036
394313
394252
395771
393182
393183
411323
394292
394091
394216
391566
397590
391707
408822
414190
392304
386331
404097
412941
406305
414503
403271
412030
407565
415093
396048
400217
404581
401539
402323
410341
402011
393729
389839
415710
399014
395175
413973
402796
415000
394977
412403
409800
395478
402776
395546
395376
400912
407478
397014
394610
404781
404797
397046
400800
393742
413370
407494
396333
393373
396782
409100
410419
413679
402730
402762
404404
409754
412133
404388
411675
411675
398870
404356
405915
399984
403598
404292
404275
399542
401929
398724
404564
410214
410387
406524
398660
411109
406798
411285
393541
396121
395991
396239
396023
396023
409055
407433
406873
407337
407401
407481
407449
402224
408847
400979
401284
397065
402960
402140
403056
396105
396255
401140
401027
401124
395975
396073
396271
401108
395927
402076
407305
395943
400739
406857
393377
408719
400723
394718
400803
396205
409038
409038
396287
409022
409054
407368
407336
407545
407352
407561
401010
402321
402075
414939
414987
402402
396784
408702
408814
396072
401251
396088
407272
393395
407480
396901
400914
394525
394612
414747
401042
413372
411994
397048
402847
407577
402831
407460
411990
411926
402251
414775
415047
412038
414279
408826
393504
414855
396234
396084
402317
396168
393900
394029
403645
410090
403853
407848
402024
402008
399607
393230
397396
401832
403821
404531
399623
405299
395119
409545
395295
393294
395567
398643
395583
408028
408012
385556
414156
406603
406571
407832
395830
403629
397108
409705
400239
403709
400095
403693
408220
405866
396620
395546
409700
401955
395474
412287
413850
394045
394013
399148
410606
410622
398987
399196
399213
399213
398954
410717
410717
404829
394012
399099
398890
409684
395441
395289
395760
403720
406840
409476
395858
397247
410397
411477
407698
398814
396711
399669
407762
392656
393225
407811
398670
399946
406582
403640
398638
392889
395594
398573
403688
406614
399882
398702
400122
415248
415392
399100
399100
398955
399084
415504
404958
404942
398891
398891
399180
404798
395933
398533
397937
397921
397985
397925
397983
405992
396681
396681
408233
408041
409670
399016
410924
410699
410699
410908
404859
398968
399177
404811
410812
399145
398904
397103
400378
396647
404462
400346
410143
395743
410159
391409
391424
391124
392531
397522
388217
386331
386957
393543
388860
400739
393439
413963
385930
388645
387723
390344
386433
410905
391016
391019
414639
414476
392488
392256
392490
414517
410557
398904
398938
392830
396615
412367
397295
392873
392065
392780
392812
396712
396455
397216
402549
396473
395244
402121
397001
394813
396006
396637
398980
399204
404882
398699
392871
413973
413668
398793
396610
399095
410327
396466
392820
396627
395142
398825
394936
395366
402474
395701
400020
394484
401285
395976
396384
414062
416006
395218
402459
401052
402379
414788
391947
412077
414306
393650
400957
395983
398060
398526
402243
395994
415823
398158
392255
412586
412522
398098
415823
398036
397899
397218
395344
397249
397279
396647
396336
396073
396271
395943
398834
394651
395756
397277
395874
395404
397275
395387
395739
397211
398730
395489
395840
395349
395736
395466
396079
396132
395737
397369
398830
396622
398031
397882
397856
408988
396118
401153
394779
407286
402400
406950
406966
406886
400849
400928
402989
407543
396798
401185
396252
396070
397361
398816
399620
401596
397249
397393
409478
412241
395711
404352
395548
407829
414265
402037
400188
405232
399604
404845
404925
393996
393899
399002
399002
412405
409641
409577
412340
411059
412356
409481
404419
409497
405882
415489
410026
401711
401944
400015
410386
398594
406797
407097
397204
397300
397092
396395
397124
404563
397140
395898
404400
409638
400076
405280
397233
407142
405216
395580
411849
396916
407191
395941
400737
396237
402814
394627
408733
408717
411945
415258
399078
405196
399207
399110
399110
410267
415322
415306
407417
415052
411739
402272
414812
411835
408959
408959
400755
409087
411754
402287
414859
413292
412026
414971
414843
411818
402139
396254
396154
396984
396038
404935
410808
400753
385808
414090
396286
393628
393676
414042
404757
404757
415418
410777
415178
405212
404776
404677
405100
405276
410905
410905
405036
394039
399142
398901
410825
407062
407014
393227
404560
403882
409851
394027
409542
399636
393930
396585
397425
399066
412452
405198
413673
412383
412159
404446
415975
408071
412351
406054
409748
412367
412303
403880
408039
402724
410349
396438
405781
396503
406678
394960
411605
411605
405877
411589
412319
410256
404398
411054
409987
398718
407049
402601
402569
402665
409609
410450
409657
401864
396572
401695
401752
396700
397428
405267
396361
408172
405283
400159
414012
408092
400431
395430
395479
400143
400047
400079
395665
405235
410132
395414
407017
410546
412276
407703
401455
395798
397380
397380
405011
403661
400447
399586
410021
410037
401730
410127
398654
398606
406824
406710
411087
401370
394890
397199
399767
397183
396406
403608
402660
402676
402756
409620
411541
406118
396567
396727
398863
401859
401827
405310
404430
405054
400090
397087
397151
400250
400250
397439
405214
405214
408103
408055
395492
393834
393291
398656
406616
414153
406584
408009
406600
406568
396358
408153
411089
402776
400060
396633
411768
401265
411832
393538
396866
393609
396301
409020
409052
407318
406918
415002
412041
409069
414298
409085
415710
384085
396900
402878
396334
409037
396021
407271
407560
406999
407544
407544
407463
407255
407079
407415
407207
407111
401154
401170
403102
407159
396799
396815
404800
404832
405794
405794
406579
412380
414308
405939
412156
404443
405826
404459
404459
398320
398407
398113
409355
405500
405532
405452
405564
409291
397870
405404
397854
398524
398524
398356
405692
398508
405708
405612
412624
409131
409451
412480
405557
405541
403413
409172
397879
397927
397943
409284
405380
405380
412553
398007
397959
405589
405573
398349
403445
398436
398484
403541
412633
414834
413475
411761
413970
402441
411905
412017
400985
414914
413283
415026
412065
402361
413235
402457
408693
412077
414910
415810
407294
409288
396228
402408
409448
396309
408724
396260
407567
396293
394602
407502
402821
396325
398374
409405
409341
398115
398115
398266
405518
405614
405454
409309
397824
397888
397856
409325
409437
397952
398000
409421
409453
398342
405646
405534
403246
398477
412819
403486
403518
403262
412592
412496
412640
386025
398146
398215
398538
405578
405706
414398
403482
412815
403530
405562
414702
411965
413279
414798
396094
407422
401081
399596
396673
396609
408001
396366
395588
398648
411193
403746
385561
406608
414177
400840
406592
407885
412297
407230
403666
408242
407408
403160
408854
396341
409044
407278
407551
407326
407486
407438
407470
407342
412080
402869
395964
395964
394803
386054
408836
395932
402917
407454
414993
396990
408740
402164
405385
405514
405530
397868
398506
397916
409337
397884
395349
395736
395316
409517
404230
404246
403729
401539
398823
405031
410406
413859
399595
410078
410046
405319
394850
409549
399872
401964
398840
393889
396592
395139
399643
393282
399856
393234
399579
409596
409724
413681
410357
410341
412135
413778
402506
403840
411693
411645
395968
396082
396895
409048
396216
409016
407474
407426
407314
407346
413494
401309
402133
403029
403029
395980
396110
411365
411384
395829
398738
395764
403724
399606
400786
409464
397363
398754
395150
409853
400062
402760
393109
410196
411545
398577
399867
411187
397427
407831
397091
399966
405074
414315
399998
410577
393245
407622
408235
404530
395378
408301
405994
401959
405881
412116
412212
415996
415964
405155
412372
387858
395916
404890
410557
415420
415164
410795
398951
415340
415132
415180
410939
410413
399215
404847
410719
398956
398940
399181
404959
410735
404652
410591
399021
399212
404649
410893
399146
410797
404924
404940
410682
399032
399112
410602
404938
399128
411451
405012
395247
401360
401376
400512
395901
413792
404532
415202
403806
402682
394080
398925
401849
409594
401600
405284
401440
396380
405236
408189
397221
397445
396589
397141
400368
405044
395568
410181
400032
405980
407769
404548
404516
395600
402025
406636
407913
410165
395683
411947
411963
408767
407594
396785
393662
394457
396315
409050
407380
406852
407012
407268
394809
403131
403148
408810
402153
401215
401167
394681
395547
397392
399864
401988
399899
403753
407876
395099
400735
406599
398655
403641
405023
400831
393290
411280
410574
405007
407992
400783
409953
408152
400155
400027
403721
413835
400107
410353
412115
414107
409768
412227
408107
411705
402055
412131
409800
413677
405202
414299
411449
409496
409496
404338
406538
404450
409608
410009
395327
396715
404626
395311
395913
401340
411703
415993
413740
408089
408121
413772
399652
412305
409798
404223
413675
412177
407957
409654
411056
410210
409526
405767
410055
410087
398720
408185
409830
395211
400332
396392
414137
402678
405248
401420
395148
395132
396537
396665
398889
397105
397153
404480
400028
404464
404545
398673
410114
411073
406681
406681
406811
411090
415375
396359
395914
404577
401958
401958
405041
395133
395880
402743
402679
415199
402695
401693
401733
405880
409751
408058
404465
405249
405073
405217
400365
400397
409687
400045
395663
395679
400125
400061
395444
406843
406843
410401
410417
398593
398593
408317
408075
406650
407208
407240
395478
404594
404978
407176
406968
402712
407144
402648
410481
396491
401694
409656
405250
405058
408155
409544
400206
411433
404514
405282
400382
398545
395566
395362
411331
402007
407815
407783
410163
395344
407799
409688
410913
395810
395826
407250
406772
411068
407058
407058
407234
407234
407202
411149
395144
395909
397421
397293
401384
401969
397213
400248
400248
402528
407777
405779
406946
402690
407170
401809
396581
400088
397437
406100
397181
398829
395775
400184
401985
407889
407889
407905
395560
395560
410157
405988
406612
395504
412333
402738
395356
405020
413816
399616
395874
404524
410083
410067
400893
396709
407760
402001
396436
400748
409966
407985
400716
397405
399829
401416
407616
405004
397117
393239
404620
395674
403846
403894
414149
393623
409714
405972
399202
410675
410707
404640
404656
412384
399931
398590
410414
415277
398687
408330
408314
398671
398623
406759
407205
406711
406825
396407
397088
394977
394977
395683
395666
395732
408255
395699
397253
401488
406846
401584
409466
404243
399624
395848
395749
397365
398853
404227
410027
397397
393231
413888
404596
405771
403742
407801
398612
398612
399888
399022
393806
407997
397125
398579
399118
405076
395528
403726
409546
402727
404224
402549
401581
412403
415263
415962
412338
412370
412242
408042
412386
401565
412306
404433
405896
405896
399949
411640
406553
405816
405784
409990
396457
399573
396425
399965
398721
397104
397296
402499
407780
415197
403817
402709
411362
407125
393626
401691
407109
402004
396520
400639
410192
404463
405215
400475
397280
398832
409669
395442
407253
404511
407796
405247
402020
410176
400171
405991
407908
405327
395710
408232
414232
408250
400719
395529
410694
399172
399172
410791
410678
404659
404918
410743
415804
411911
412055
411735
407445
414936
414776
414760
415724
396035
409343
410552
415383
410693
410693
399075
410902
386514
397459
407733
399621
396682
411347
397410
396714
405768
404529
405297
403627
399933
407814
407990
400029
405025
409955
408138
393835
399555
395244
398689
403867
404561
408284
392811
400722
409704
404690
404773
398946
404865
395448
410548
404766
410388
400081
399151
410452
399135
404929
410593
405077
398990
410954
398998
405085
404953
404969
399047
410858
398982
399014
404646
399061
398964
410711
398900
398900
399173
404871
410776
410920
404775
404919
393925
393973
404851
404947
399169
405488
398360
403392
405440
403440
409199
405424
397922
405472
397842
397954
398002
398376
398344
398479
405728
403216
405600
405712
405584
410484
410532
399103
399055
410721
410705
400001
404981
398894
399200
405269
405237
404913
400734
400910
406868
393439
411782
413911
407204
394624
407492
396283
407573
413304
385805
386136
394608
411910
400718
408842
393355
414007
407605
399553
408120
403865
415245
404591
404254
410510
416111
401355
409701
402725
399570
411622
406663
395300
405128
405320
393906
400084
404657
410692
405112
399138
404948
405000
395368
400052
400196
397084
406003
409777
401824
412348
410426
411407
404489
389769
410170
405113
404473
397274
404441
410138
405225
395420
404505
395534
395452
395589
400069
407790
407918
395404
410471
405032
410821
400116
404836
405272
404641
410853
395451
405240
412235
412171
415176
411681
413766
398735
395878
407699
398767
395163
404816
410881
404944
411364
397378
398753
397218
401469
410400
409487
409471
404345
400021
409807
398665
398633
408324
406819
395653
400277
396367
394901
394884
395026
404710
410460
415243
410476
410697
410713
410665
399208
398966
404742
410922
410508
404857
410890
404937
410396
406590
400338
414159
405805
396364
397095
402011
396655
395701
400082
401963
405034
405034
404410
395907
395907
405066
402047
412155
394940
401382
402656
402640
402592
402015
405290
398883
409584
401686
406002
398915
409776
410985
400342
408211
397419
404618
408083
400374
404458
404522
407807
395590
395654
407919
401887
395387
395739
410139
406626
409664
410155
407834
395252
397402
404425
405337
407709
402671
402559
402687
402623
396594
396690
396465
396482
396578
409599
406001
409647
401557
411049
405321
411000
401184
409295
402072
395939
396235
393554
411783
384049
393392
396251
407574
394625
397061
413353
394506
411927
396781
402860
396316
393521
402796
409278
398116
398267
384643
403551
405551
405519
397873
397873
397937
397921
397905
409422
397985
398017
397969
405599
398495
405583
403391
398392
403519
398033
405711
403423
398222
398310
409346
405459
398102
405539
403539
412583
405475
405523
405555
409186
398531
397941
409330
409282
397925
409410
397957
405587
403379
398418
412808
398053
405635
398005
409036
401105
412040
402188
412056
413242
407430
414777
415901
410405
395769
400514
401602
401618
400726
409979
410029
399906
405046
410423
410551
410327
410885
412123
404538
386687
406546
413685
404837
393875
404754
394020
394004
399107
410597
399059
410838
409407
407558
407285
412071
402120
397013
396003
394714
402155
402415
396830
411879
396069
396085
409616
409616
409504
398947
396450
415368
398602
404281
400022
395285
408179
408179
408325
398618
408099
406820
411163
409552
396386
413733
402719
409743
413668
401982
412266
406065
412122
406689
412106
406081
411696
410360
416018
399810
411680
410219
409583
409519
409711
395754
397386
397386
398761
398809
395871
404297
399826
411423
399629
403859
403731
395469
409982
403843
407741
397450
393284
396351
405049
407854
406609
407838
405017
395573
404537
400165
408292
403683
408276
396626
398649
404553
404882
415252
410722
410674
410674
398959
398959
404687
398895
415188
399168
398927
404834
404786
404914
398879
394033
404962
399104
410915
398911
398991
399024
411244
403717
408212
404619
399876
399631
410049
401622
413862
397403
411082
395470
407710
407967
407823
396368
406578
393237
405793
395606
403604
393828
393253
398634
404330
405082
404986
404346
406594
400134
395142
399630
399630
408261
400167
400151
402609
405195
407009
406993
407041
403797
402577
401703
401655
397486
409761
409649
411602
396612
400295
405243
405275
397404
404491
397148
397100
400039
408052
397276
397132
407776
404507
395454
400103
407824
395438
404347
409713
404331
404234
395756
398747
397372
398731
403716
401998
402014
400133
395605
403749
401840
399583
395575
395471
404987
407856
398635
405083
395519
406595
405067
398667
407792
407888
395559
413847
413831
400119
402032
408262
396353
395355
395175
403653
400231
407968
403623
393288
408038
401986
400217
408296
405860
411069
396662
404525
395725
410566
410358
405207
412136
412393
413682
410374
412360
404455
412376
408096
408064
404311
410470
402475
409469
405935
404327
403617
409762
413720
411699
403606
404332
404380
404380
394974
399781
412317
396661
396452
401704
401704
393437
393437
393469
398636
408117
398668
408133
411408
395672
403668
401574
410409
397211
398730
395805
395821
401855
399843
401983
415011
407440
414995
400682
408806
408982
413907
407216
401227
401131
396080
402067
395934
407184
407264
396230
412050
400891
393387
401083
401147
407521
400842
400762
407601
396327
400938
407504
393516
401683
396576
400371
408160
396608
407788
409693
407916
395555
395434
406623
409521
404587
410066
408180
411083
411148
406821
407233
407201
407185
404427
400199
400199
401351
412446
412157
413768
412349
404267
411715
399792
412264
399987
396752
404631
401635
400275
408322
411015
406767
411096
406735
405047
405287
395107
405015
401379
402637
403857
415189
405790
404231
409470
395771
397369
398744
401444
399644
395108
396432
400905
401162
397242
396807
401258
401082
396310
395933
400937
396079
407311
407279
403094
406847
407007
394804
402838
396278
394619
397023
398637
412318
405021
411182
395577
407874
405989
398572
407617
395593
393256
403954
397758
397774
397628
412963
408395
406447
413124
413011
408376
408360
397657
397722
397673
404127
403919
408440
413137
397512
412487
403459
405715
398153
398190
398185
404071
407119
407039
407327
407375
407455
406991
395965
402966
415010
393668
396791
407135
402130
402066
396294
399551
395272
412302
408280
398605
398605
392743
408312
411086
400185
397438
395456
403559
409779
409603
401689
401746
409587
412415
395424
404236
404301
397374
404284
398813
395840
403703
395792
397214
404268
403687
398749
401513
395193
411053
403735
401826
393224
404349
404349
393240
393272
397454
414765
411820
402273
414845
415905
412044
401285
402114
414898
396161
403046
396128
409978
396347
406541
398693
406685
411158
406783
404613
402042
395137
397174
397190
397430
402683
411061
405997
396750
396478
404501
397480
408142
404469
396622
408062
395716
407898
407818
395073
404437
409499
400741
408239
399577
399577
404293
397238
398741
398757
397398
398821
403615
403727
411238
395684
406875
411484
396590
395089
400902
410076
395553
409563
407834
411318
396363
398677
407998
407998
406573
398596
397142
395601
411628
411190
393232
392815
404517
398854
403887
404581
403695
400291
402733
406992
413300
414115
414947
411970
413332
402855
411826
408694
396145
396246
396046
396295
396213
406864
406928
407024
407553
407360
403316
398500
397990
397846
403428
405588
405700
398419
398292
398292
405620
403268
409443
409619
411444
406021
404445
404461
397118
400025
408166
397166
410190
399766
407794
395489
395440
405941
401729
412174
412366
401657
412238
415958
401609
402771
406069
402034
401705
402545
416006
413705
403575
412407
412423
409515
412358
412358
394935
405884
412342
409483
393528
396291
403027
409366
407356
407452
397004
397004
401319
402979
402422
409074
402162
396788
402143
407613
394634
394513
401207
407581
394616
386128
397036
394598
400918
395994
407565
393633
408834
397097
396350
396350
397289
397289
395887
395092
401652
394954
402606
402558
402670
402702
407853
398857
398857
401869
393635
393619
402013
401853
409566
397145
400276
408177
404504
397129
405968
409662
405984
404552
407901
404536
407805
404520
395737
406926
400744
408017
395670
412601
412473
412665
414697
398365
409348
398224
409364
398104
405477
405561
412525
398127
398212
403273
398229
398369
398043
405401
398076
398159
405481
403545
397851
397931
397899
405384
398472
405753
405593
398424
403449
405545
405721
398027
403465
408580
408500
397734
397637
397718
397588
397783
408645
397799
408452
408404
414531
412691
409166
398286
398165
398343
398218
388314
394218
394250
394234
406419
406355
399329
399329
406307
406291
406259
399297
406435
399540
399425
412897
413156
406512
408427
408491
408379
408443
398289
398289
409408
409360
409424
408582
408453
408389
408437
403980
403916
397573
397784
397768
397800
397703
412596
412660
412500
412548
405664
412821
405616
412612
398150
398182
397645
397597
408636
404195
397500
413205
404067
412614
414582
403314
405506
398270
409377
398120
398120
409201
403554
403538
405458
403330
414550
397844
397812
397924
398449
409409
398004
397988
398036
397972
398346
405730
398498
412502
398020
398020
408490
408684
414361
397659
414553
397773
408586
397514
404209
408394
397757
403937
404097
405621
403483
402747
404421
409643
402489
406029
412455
407930
411708
413761
412294
413680
401457
412310
412987
413196
413180
396065
407393
396231
393550
400731
396146
411971
394621
408711
408695
397025
412051
406624
406624
405919
412442
412169
412394
407965
403650
414225
404376
404376
414193
404344
404296
405903
411631
403586
409999
393546
399580
396464
398616
393530
398696
398680
411145
406802
407102
407086
407246
406736
409354
403339
403339
403307
405370
403515
409146
398474
397901
397933
398442
397917
409418
397965
409450
397981
412559
398355
405675
405723
405547
403467
399333
406504
399285
406295
399493
394369
406311
406407
399413
399413
399528
414402
404170
414530
408579
394147
394131
394243
394082
406236
406252
412894
406412
399258
406380
399242
406332
399434
399450
399482
399500
394358
404143
413169
408615
397511
397786
413200
397737
408439
408423
397543
413023
412959
412646
412630
412759
412966
412868
412868
408656
406515
408478
408526
397615
397728
412901
397647
408398
397761
403973
408414
403909
408688
413111
414397
406510
408489
406493
404048
397723
397739
406221
406381
408651
406253
397804
406333
406301
408473
408683
414344
412504
398191
405428
398207
398348
398240
398122
403284
398328
398103
409363
403300
405540
397607
397769
397753
412828
397704
397590
408422
403917
404093
412645
412597
398183
395999
396328
396197
409047
396163
407457
407554
406913
403193
397009
402331
394790
397057
397041
401196
396910
397073
401116
408999
408976
396887
402881
403025
402945
396337
407322
407547
407258
407386
407226
407066
407290
413470
400916
402077
401223
409010
401159
407292
395930
393544
409446
402867
401079
396124
407524
407361
412035
415044
414996
402459
411939
411828
401117
414885
412052
412084
402265
415045
413254
412020
401261
396166
396166
395968
414772
414964
402379
412003
411795
411875
402068
407427
402397
407123
400637
396083
394776
396132
396067
414262
407299
400733
396233
402413
393569
400829
393422
411781
403098
400781
407508
400846
396314
413303
402810
414847
402851
414767
407372
402803
411838
411966
412030
402243
411950
411758
414879
409090
402095
398726
397367
403712
395817
403696
401522
397303
407341
407550
407053
408899
397208
397208
395995
385863
414112
395931
407133
402836
408755
396077
397096
397144
401176
414240
407261
414192
400759
406877
393384
394802
397400
401852
397128
414160
394481
412015
396324
396340
393634
407267
415062
407043
407491
407331
407091
407187
407075
407443
401086
397027
414102
401134
406963
403114
402938
403121
407034
407466
407018
397002
400692
396954
396802
397082
394751
396224
402208
402420
406970
402404
403265
398377
398151
405409
405409
398204
405489
397827
398497
397907
397939
405585
405569
398464
398480
414373
408630
414661
402404
400804
412092
400724
402817
393397
394799
400836
400820
408720
400756
394719
394719
407595
395976
394478
413243
407431
414842
414890
413259
414762
401819
401378
408111
408159
400178
404502
409804
408047
409676
411335
407787
395449
409692
405222
400098
395466
407771
395298
395602
407020
409708
397191
395936
408712
394695
394622
413366
397058
396248
407507
394555
394679
402841
394450
396048
413938
393620
409061
407602
408759
413221
407586
402474
415983
405901
404438
406542
411437
404310
406558
408628
408662
394155
394235
394350
394299
394366
406276
399474
406501
399298
399298
399282
406484
403106
407564
403026
403074
409073
402161
402126
396819
394784
396075
397051
395993
397083
401190
401634
401634
399970
400290
407052
398581
408191
398646
407244
411030
406654
411143
411078
411127
407212
411111
411159
407084
395885
412151
400482
395122
397415
396382
400306
402700
401698
397481
409644
396591
411453
396639
392882
395619
406591
405806
408128
407836
408112
399971
398663
408000
404599
405999
402044
413843
408784
412028
411788
414829
407402
408768
408880
408880
406356
394384
399330
413000
399250
399426
399263
399279
394312
394216
394168
412851
412851
406241
406401
399343
412835
406369
412917
406385
399311
399471
413094
406305
399522
404132
404148
394109
394142
394222
394337
414933
402873
407458
403097
403033
411860
408744
396000
408984
401020
396066
396810
401080
396093
401740
396060
409043
409027
407165
407021
408793
402794
411733
407379
411877
393552
396896
393606
402906
396265
403050
407197
408501
399222
399222
394207
394127
394191
399302
406521
406456
406408
399286
406168
406264
412988
413052
399238
399529
399446
399513
404139
404187
404219
406368
406384
406288
406432
406256
399326
412996
414347
408686
408348
397580
408508
408476
397726
397645
394157
394253
394253
399284
406342
406454
406278
399492
406358
406390
406406
399380
399300
406166
399527
406519
406503
399324
394245
394229
406286
406270
406495
399436
406350
412962
399468
403921
403953
414329
408442
394304
394095
412875
412827
412941
412843
406249
406361
406233
399383
406473
406457
406217
399367
406297
394320
406409
399496
394339
413182
403932
413005
404156
408517
394246
399261
406351
406415
406319
406303
406287
406335
406255
399373
399309
406431
399469
399520
399405
404178
412833
394188
394300
394091
394252
394316
406261
399526
399379
399379
406213
406133
406293
399251
406357
399315
399363
394351
399475
404152
399294
394135
394199
394311
413173
413109
394228
394132
394308
406205
394292
399467
394359
399355
399275
394343
399435
404128
408521
408667
408377
406349
406349
394120
394137
394104
394169
394233
406274
406386
399344
399280
406178
394249
406466
394313
399360
406306
399507
394364
394198
394145
406330
394241
399368
399288
399304
406362
394356
406346
406298
399515
404205
412974
408342
412876
403901
394146
394194
394130
394290
399337
399499
399289
399369
399369
394322
399481
406315
394306
399353
399321
408631
412943
404174
408681
408519
408519
408343
408993
407612
402834
394632
394615
407516
412047
412063
402244
411935
414768
401047
402820
413297
408803
413327
407467
402258
415682
409025
402226
386019
411885
393527
409041
396322
409009
407419
407355
407483
407291
408833
405502
409197
397746
397729
403958
403942
397664
412606
412638
405674
405674
398160
397929
397897
405575
398025
405382
403527
384542
398422
414603
414849
407390
412000
402837
411792
414897
411984
412016
415909
412032
408900
415701
408964
409028
399472
403303
412587
405623
405639
405479
414555
405687
405511
405751
398173
405495
398334
409318
398400
398108
403271
409334
414635
398243
398470
398519
409289
398077
398128
403466
408355
408483
397587
397620
408467
404042
397668
403930
408451
408677
415882
412546
397037
409303
397866
397882
409319
398439
398439
397978
405592
405576
398520
405640
405688
398401
403480
412490
405686
398124
405718
405718
398225
403542
405734
398172
398314
398382
398274
405381
405397
405510
405526
403526
405494
405446
414634
408653
415671
412816
415655
398129
405691
405691
398161
405499
408512
404055
397504
397747
408496
404629
404276
394897
398339
413179
412938
413050
408370
408482
408354
408354
397635
408498
408402
408434
397522
409132
412481
405356
405485
409244
398265
409308
404168
414336
408642
404184
404088
408545
408545
408385
408609
406453
397600
398260
405645
405645
415657
403453
397748
397602
397650
397764
397780
397521
406485
406485
414560
413210
412801
404164
414684
408349
397662
397614
408589
397711
408621
397581
408638
397744
408461
408413
414428
403352
412797
412524
412636
403512
405432
396989
409367
403288
398384
398174
405464
405351
405544
409191
397896
397864
405414
405414
397880
397944
398469
397976
405590
414442
398485
398502
403494
398008
408635
398040
397919
397935
397887
398428
398428
398428
398015
397983
398031
398373
398341
409228
398476
405709
405613
412999
406516
404214
413176
412869
402960
397064
397064
399805
394809
399673
402470
402470
402486
402486
397596
397586
394320
398277
398298
398272
397632
391323
403526
405539
403515
398302
405351
403271
402328
402309
402307
401302
402453
402453
397039
402165
415008
402308
402248
415093
402217
402873
402396
402606
402670
397206
401361
402683
395742
397358
397072
402247
402323
402372
397066
389574
401886
402254
402222
389839
402478
402478
402592
401886
402541
402609
397085
402528
400104
415175
415191
402989
402172
389799
390076
389220
392011
410719
399215
395014
390137
391859
392008
391957
392762
390380
399178
399112
405085
402243
393399
396141
390914
416006
393088
388490
391763
398302
391145
392421
391354
396846
393535
398954
392588
393389
390199
395823
390133
397085
402528
390279
392605
390182
390593
392622
392090
392090
391952
389158
391822
390311
390311
392251
398272
392437
391237
411739
392250
392250
392505
402075
399125
393973
391022
390893
390998
390931
396054
402254
388983
390890
390927
398218
392313
394809
393770
395811
395811
393037
392065
398852
395380
394914
406781
390416
389340
389763
389799
391936
402724
395031
392060
392554
390265
396727
390087
397167
389310
390281
390281
389562
408281
390071
393174
393599
396060
391998
400957
391014
391033
395953
394644
401214
394671
394671
401302
402453
394784
395993
396341
394549
394674
394462
402180
390711
398060
398227
391245
391229
392262
391230
398108
391072
391124
398382
391223
392257
392256
398229
398298
398298
392495
398400
391409
397614
391225
391625
391113
392256
391529
391683
394218
391692
391110
391424
397737
391483
397607
391478
397606
397726
399535
394095
394127
406468
406404
391415
394246
388231
394135
399486
394253
394229
402307
402361
402457
390883
389858
390059
398772
396509
405784
397216
399178
395546
392728
399673
399673
393276
392747
395645
395016
402711
389565
390580
389796
389830
389647
389907
392063
392063
389533
390332
391876
389184
399570
395843
395410
394928
394928
395049
393608
390561
390314
413835
393036
393056
390266
390363
390363
392641
392812
390544
395797
395664
399673
402696
389583
389583
389360
390221
390221
389185
390694
389499
397091
392031
392892
392892
390693
390693
390381
390381
391919
402322
395975
396053
393537
396038
394594
394652
396088
393540
392501
390703
391016
390888
394558
402136
396054
402254
390890
393676
393507
398218
391237
392250
392489
392505
398980
399125
390998
396802
392451
392115
392251
398328
393379
396887
390893
396122
402372
397066
396581
392605
393172
392090
392090
394441
392742
406806
395029
395192
397085
402528
390199
390199
395823
395839
390133
395640
389807
390375
396353
392588
393053
393389
398683
398860
392935
394941
395400
404687
390082
392265
392265
398412
391382
396387
402703
396465
392549
390324
390324
389805
395836
395820
395637
395204
395173
401886
389822
395606
395606
389542
389752
396610
398979
396627
392737
395027
402478
392533
390286
389803
389504
392820
396499
398899
395266
393777
395202
394918
393183
390286
396447
392733
395402
389767
395802
395057
392529
389652
391997
402717
402717
398679
395650
395868
391762
395668
395056
395265
391760
389734
389622
389622
392017
395833
395918
406685
389959
389959
401361
401361
394639
402248
391995
398789
395649
395866
402217
402379
393404
395951
390884
396031
391169
392770
401261
396166
391010
395952
390883
390883
396046
392249
392488
392488
393499
395949
394637
402165
390898
393435
402558
393635
391851
392054
392634
389092
395852
395819
395025
395188
395058
389540
391947
396384
391999
394900
395652
395803
397406
391888
391840
392075
392075
389388
392872
395824
395675
395047
390694
391936
397295
392986
395031
392672
395016
402679
390580
389647
389907
390332
391753
390314
392747
395645
390171
395165
396455
399570
397216
395843
395410
392555
402470
402486
390350
392644
399553
401355
388513
392812
395327
395797
395664
399673
394080
389833
393504
394557
394645
391034
395815
395054
395037
395021
393982
393982
390926
388483
397093
398772
395883
395648
390775
393770
399652
392827
392956
395644
392672
396567
392554
393174
389562
402696
391813
399805
390664
390664
402267
397064
406261
406286
405473
403271
399508
408623
407176
400248
414984
402549
394977
397104
404978
398040
415909
414964
386529
400482
401154
394252
395771
397238
410751
395478
396395
394809
413784
398741
393612
391831
390888
393591
393591
393591
393608
402318
391254
391822
397085
393605
396887
393596
401886
398683
398699
400087
400087
393748
390648
389399
402478
395836
391832
395649
401361
402396
396894
391947
398302
402390
390293
396846
393535
390894
398060
398277
398108
397614
391529
391529
397576
397576
391676
392256
398304
391999
392249
392488
391936
399652
392827
392827
396006
396141
392872
395652
390898
390883
394462
401214
402308
392373
392351
392351
398225
392140
392140
405351
392392
392392
402243
402379
402055
401581
394322
394228
399483
394233
394313
394198
399215
391977
395798
389799
389799
390076
389220
392008
391957
393042
394914
406781
395731
393037
395243
395014
391859
392008
392008
396455
392747
396409
398412
396387
396387
392588
392232
392250
396431
396447
392820
392820
396499
398899
406286
394122
391481
397596
397628
398298
389584
390416
390265
393979
391974
391974
391974
395380
389547
392892
392892
393276
393276
392986
389583
389583
389360
392725
393056
389759
388934
398190
398190
402322
390992
390992
395400
395400
393959
393959
390199
395823
395738
389541
398182
389641
389641
389210
390145
389416
395405
390099
390289
395738
389590
393954
390144
395833
389652
389767
388940
394678
395617
395617
391900
389537
392871
406689
409552
401382
401154
407512
400196
402506
411645
402474
400482
402011
393729
404525
404613
404517
386529
405999
411788
397004
407467
393650
396048
404284
392553
403271
399508
406516
408623
412522
398040
399468
406408
403554
403554
405473
403271
402075
397313
390663
399215
401355
402679
390071
406847
393535
397004
398174
397842
388263
408478
406261
406503
406519
406286
409800
395478
407176
395546
409466
402549
394809
389374
392908
411705
407430
411768
406886
410825
407594
401584
395175
403653
404882
398991
410754
407445
404710
386405
410842
411715
394198
388231
394135
399486
406503
399380
399468
394095
394095
394127
388193
414684
394676
402361
393499
394637
397039
402165
391983
390898
406689
390883
396046
397072
391782
390918
401382
392249
391255
415710
415710
410353
409800
392002
390324
392265
392265
398412
391382
391250
391098
392416
391117
407445
415724
389768
389734
389622
393748
392017
390549
390144
395833
395650
391762
395056
395265
392529
389652
396639
389766
389818
389503
394936
390302
404882
394241
412974
399481
394228
399472
394233
397615
400248
392871
395951
390884
388941
402248
396894
391031
393368
390971
390434
395617
409777
389210
396610
395836
394921
395173
389541
402703
389639
389898
390324
389805
389384
390082
390308
395252
393267
393267
390305
390305
392020
400196
389843
390293
390328
389388
392969
393088
393240
393272
395577
391733
404710
386405
401261
391010
390922
402873
402396
394695
390956
397058
411715
395400
405309
398860
400087
400087
389641
389386
389386
389307
392604
389807
390375
396353
391749
398683
389138
389858
392023
391217
392115
411832
398679
396447
395402
389836
393777
394918
390648
389853
389853
390145
389416
390553
389819
389803
389803
389504
404311
389130
393969
393282
393234
399137
395866
406685
397206
401361
390567
398789
395649
391900
390369
390369
392034
395601
390256
393232
410721
392820
392820
392737
395405
392533
390289
389789
389789
389822
389822
395606
389542
389624
389752
389575
390342
402322
393612
393377
396785
390892
415489
396395
395898
388736
390992
390992
396252
396118
402400
388483
390926
390943
409798
386655
393838
393838
395648
393570
394645
402267
388513
391824
391831
395815
394915
395054
395037
390583
399805
393838
390417
390664
390664
389341
389833
390077
391742
398772
404356
391813
392033
393263
390703
390888
402136
388413
415724
392826
394652
393540
388915
401042
390775
390758
394668
390928
390945
389017
391947
396384
395025
390097
391851
389325
392054
392634
389092
390356
389134
390259
392137
391124
392305
412030
411758
391259
391239
398225
392255
392460
398439
392306
408803
393650
392312
411749
411749
393535
391281
391245
391111
409451
391229
393654
392359
392262
398304
391230
392447
392392
392392
396048
394462
402328
402180
396228
396260
401302
401302
388825
402226
412426
400957
400957
391014
391033
401214
396846
393535
393422
394808
391700
413040
414359
414359
391481
403554
403554
391483
397607
391719
391703
391478
391529
391725
391725
405623
403271
391683
391683
391518
391518
405615
394383
394218
396060
397069
397400
388989
388490
391763
392101
392101
391816
391816
390934
405999
391110
398161
411826
411826
392351
392421
391354
400957
394644
401214
391033
394644
394808
398161
392411
392373
392421
392421
391354
388825
388825
394408
391823
391823
392872
395675
395742
388758
388758
388758
396141
391823
392872
395824
395857
402707
391354
390426
389886
389886
389886
388635
394672
392833
390882
394637
394603
390898
394603
391930
391930
390882
391930
397039
392803
390324
390883
388746
393435
393435
393435
391931
391931
391931
391782
392488
391999
391999
395852
395025
393635
390097
395025
395058
394900
389134
393267
393267
392668
392788
392091
416006
391785
392091
393240
410858
402233
402873
394695
390956
395951
388763
388763
394678
391031
394448
394639
394571
394678
391995
390515
390515
395649
395918
395153
389959
401361
395267
391762
389538
393748
393748
392529
389766
391762
395056
389785
389766
394936
391797
391815
391980
393748
390302
396431
395402
389068
395802
389945
392753
392753
393969
390648
389853
390145
389416
389399
390286
392820
396499
398899
398979
395405
390289
398679
395266
393777
394918
389836
392753
392753
393969
389399
393183
390515
390434
406685
393062
392597
392880
392880
391900
390256
410721
392737
392737
389839
396368
395738
392265
392265
398412
391250
392416
395836
395637
389639
389639
390324
394921
389541
393935
393935
404687
396387
396387
389641
389386
394941
394903
389386
392588
393389
393596
392232
392380
390133
390133
395640
397085
393605
390279
393389
390133
390133
395640
391952
398328
402224
414923
390893
390931
392879
395247
402254
395941
390927
390927
392415
392415
402136
390703
394558
393591
393608
402318
390703
390888
394558
415421
392892
391892
391991
398689
391683
406468
413206
391415
391415
391529
391529
391725
391683
392264
394383
394383
397628
414362
391223
391491
391244
404132
391225
391225
415668
391533
391231
392263
392256
392174
394803
398108
391239
392120
392140
398060
392410
392410
392140
392410
414112
393535
411827
391031
398304
402180
394462
388938
402328
394549
394462
388773
388757
388757
388757
390426
389886
391888
391840
392075
390118
390118
393633
390914
390933
390949
390949
394616
388988
402506
411645
406558
393729
396006
388754
388754
394594
394594
394652
394668
397064
389017
397628
391673
391721
391721
391491
391424
391713
391646
397522
391715
397614
391225
391208
391208
391625
391231
391267
391113
392371
392371
398229
392107
392425
392425
412016
396141
402390
390895
392969
389595
395742
402322
397001
394653
388965
388736
394539
390992
394539
394539
390907
391974
395033
395037
406798
390664
390664
389341
393570
394645
393570
394557
394645
394645
391824
394557
395883
394915
395021
389341
397093
395898
391955
389758
390544
396712
401355
390691
395049
392747
395165
395016
394876
389907
389547
394928
397216
393056
390266
390363
402696
389583
389360
390544
391992
391992
390350
395165
395016
389338
389796
391975
392876
398954
399652
392827
392827
395014
392762
398852
394914
406781
390663
390416
397295
402724
390635
392554
390265
389310
393174
395031
396503
392043
392043
395380
394914
406781
389340
392878
392878
395567
399215
393770
395014
392762
392658
394209
388306
394392
394392
399483
399483
399472
394401
386268
388613
386354
394679
392068
392052
405046
387970
388305
388321
394292
388029
388045
396567
392554
390201
409732
401827
405310
409751
410481
395844
392626
394027
388474
393486
386857
388758
391832
391379
392421
388773
388900
395945
407291
408638
397668
392426
388904
396990
388475
414550
391707
398212
394218
397673
391627
397607
397590
397800
397726
397500
391590
394155
388315
394312
394168
388039
391566
394199
394229
388019
394207
394191
388015
394137
394137
394169
394249
394091
394135
399066
389220
386672
399933
414315
413372
411994
389031
407204
388395
386139
414090
388433
388433
396520
390234
390218
392557
387632
392593
396168
400096
400096
392630
393626
407109
410648
395956
388358
388701
388887
388910
398894
399200
415403
386620
394714
415647
396465
387912
397437
392450
386445
395400
411409
397486
392551
390424
390424
390100
389638
406820
395738
396594
398927
401655
400692
398581
392068
401698
392546
392052
403033
388907
389853
398289
407226
388601
392548
393683
393635
390097
390883
407376
392186
389046
390426
390118
390118
392070
395617
392528
396750
396478
390175
387780
400748
395448
391114
383977
396251
407574
390959
395452
387704
405017
405712
390118
397454
403623
390783
392070
405793
408695
395349
393234
407836
388474
391816
385500
391590
387970
387937
388217
395930
402867
390895
385796
387652
414526
392389
386908
403246
402226
385308
397512
414391
397522
391627
409228
407291
406725
390649
395267
387717
406820
406820
406721
410922
392033
387418
391974
394195
388412
387582
411265
411265
415378
399515
394132
399475
399475
410707
388409
387624
387764
403942
406853
389374
415263
397378
415420
414996
414964
403753
413566
401733
392063
395376
394027
415488
392808
399181
403645
404710
415804
415823
412016
415909
412974
406503
406286
415002
411758
411965
413475
411905
414914
407379
384141
410374
386529
407402
387970
394322
399251
397786
408398
414397
397768
413198
397645
412798
392321
388475
396233
396233
406877
388474
414600
405572
397990
387780
390118
398572
388477
390783
411732
406913
406913
412051
388475
398464
411732
411732
392731
395267
395267
392732
392549
387912
407888
404947
398376
396581
401416
407616
404773
413372
394879
400910
389031
397849
409593
415298
398896
412362
411654
415351
410688
410732
405516
410253
398197
412885
412885
412497
398198
408533
400788
403680
408930
409598
406576
412873
414222
396542
396518
413193
403680
391752
410688
411654
409593
415298
398896
415351
412362
410253
409598
406576
408533
394495
400788
412885
412497
414222
396542
392119
408930
392119
389137
392119
392119