BatNbr
064564
064565
064572
064573
064574
064575
064576
064577
064578
064579
064580
064581
064582
064583
064585
064586
064587
064588
064597
064622
064628
064629
064630
064631
064632
064633
064634
064635
064636
064637
064638
064639
064640
064641
064642
064643
064644
064645
064646
064647
064648
064649
064650
064651
064652
064653
064654
064655
064656
064657
064658
064659
064660
064661
064662
064663
064664
064665
064666
064667
064668
064669
064670
064671
064672
064676
064677
064678
064679
064680
064681
064682
064837
064838
064839
064840
065108
064428
064429
064430
064431
064432
064433
064434
065109
065110
065111
065112
065113
065114
065115
064435
064436
064437
064438
064439
064799
064806
065116
065117
065118
065119
065120
065121
065124
064807
064808
064809
064811
064812
064986
064987
065125
065126
065127
065128
065129
065130
065142
064989
064991
064993
065004
065006
065007
065008
064365
064774
064787
064793
064794
064795
064796
065143
065144
065145
065146
065147
065148
065149
065041
065043
065044
065045
065046
065047
065048
065150
065151
065152
065153
065154
065155
065156
064797
064798
064818
064819
064820
064821
064822
065049
065050
065051
065052
065053
065054
065055
065157
065158
065159
065160
065162
065163
065164
065056
065057
065058
065059
065060
065209
065210
065165
065166
065167
065172
065173
065174
065175
065211
065212
065213
065214
065215
065216
065217
064823
064824
064825
064826
064827
064828
064829
065218
065221
065222
065223
065609
065682
065683
065228
065229
065230
065231
065232
065233
065234
065684
065685
065686
065687
065688
065689
065689
064830
064955
064956
064963
064964
064965
064966
065690
065693
065694
065696
065697
065699
065701
065235
065236
065237
065238
065240
065241
065243
065226
065676
065677
065678
065679
065680
066061
062183
062404
064103
064104
064105
064127
064162
064111
064125
066437
066438
066478
066479
066480
061058
061538
062182
062183
062345
062346
062347
064886
064886
064886
064886
064894
064894
065497
067284
068631
383771
383977
384638
384647
384651
065122
066485
070190
002868
002868
002869
002869
062214
064877
064887
064888
064889
064890
064891
064939
065455
065458
065460
065463
065464
065469
063913
064100
064142
065564
065937
066187
392321
064531
064532
064533
064722
064788
064789
064790
064107
064120
064121
064122
064123
064124
064144
063626
063627
064101
064102
064126
064126
064164
064967
064968
064969
064970
064971
064972
064973
065704
065706
065709
065711
065714
065715
065716
064974
064975
064976
064977
064978
064996
065005
065299
065300
065302
065304
065305
065307
065309
064163
064165
064166
064167
064171
064171
064172
065042
065061
065079
065080
065093
065161
065169
062347
062347
062383
062384
062386
062386
062405
064208
064209
064210
064211
064213
064242
064306
065499
065502
065505
065506
065509
065511
065513
002869
002869
002869
002869
002869
002869
002869
064306
064611
064612
064613
064614
064615
064616
065515
065517
066472
066473
068166
068167
068168
062532
062769
063567
063568
063911
063912
063913
064617
064618
064619
064620
064621
064625
064627
002869
002869
002869
002875
002875
384685
385062
064145
064146
064146
064147
064148
064149
064150
064791
064792
064842
064843
064844
064845
064847
065314
065316
065317
065318
065319
065320
065321
064094
064095
064096
064097
064098
064106
064108
064870
064871
064872
064873
064874
064875
064876
068169
383630
384050
384085
384675
385122
385313
064151
064153
064155
064156
064157
064158
064159
385073
385075
385076
385077
385406
385447
385790
064166
064166
064168
064169
064170
064171
064171
064108
064108
064109
064110
064112
064113
064114
064848
064849
064850
064852
064853
065184
065185
064160
064354
064487
064488
064489
064492
064493
064878
064879
064880
064881
064882
064883
064884
385407
385408
385410
385783
385796
385831
385833
065170
065171
065176
065177
065178
065179
065180
385847
385878
386115
386319
386336
386393
386400
384890
385718
385818
385860
385893
385899
386024
064115
064116
064117
064118
064119
064128
064129
064494
064495
064496
064498
064499
064501
064503
064908
064909
064910
064988
064990
064992
064994
385845
385866
385900
386019
386019
386025
386270
064212
064243
064286
064306
064307
064356
064366
386401
386479
386606
386611
386624
386737
386893
065322
065323
065324
065325
065330
065332
065333
064505
064506
064518
064519
064771
064772
064773
065717
065743
065745
065747
065749
065751
065752
064995
064998
064999
065000
065001
065002
065003
386331
386331
386331
386335
386514
386514
386619
065186
065187
065188
065189
065190
065191
065247
064367
064368
064369
064370
064371
064372
064373
065498
065500
065503
065508
065510
065516
065558
064130
064131
064131
064134
064141
064152
064154
386939
386940
386996
387153
387300
387401
387455
064897
064922
064946
064947
065063
065067
065133
386620
386620
386729
386740
386746
386943
386948
064892
064893
064979
064980
064981
064982
064983
065248
065249
065250
065279
065280
066059
066218
065559
065561
065576
065577
065578
065579
065580
064231
064283
064284
064287
064288
064326
064327
386956
386969
386992
387272
387273
387301
387303
065692
066105
066107
066108
066261
066271
066274
065582
065583
065587
065645
065648
065655
065659
387626
387631
387700
387761
387764
387915
388020
065181
065192
065193
065224
065225
065626
065627
064374
064375
064376
064450
064451
064454
064455
387304
387331
387340
387345
387347
387392
387438
066262
066326
066327
066328
066471
066595
066596
065666
065669
065698
065702
065705
065708
065727
066275
066277
066377
066379
066486
066492
067148
388065
388073
388103
388187
388237
388305
388305
387497
387627
387632
387632
387634
387646
387723
386043
386056
386067
386089
386139
386171
386250
064328
064329
064330
064331
064332
064333
064334
065729
065731
065733
065883
065891
065893
065896
067150
383683
383768
383972
384120
384659
385331
065754
065755
065774
065782
065783
065784
065785
064335
064336
064337
064338
064339
064340
064341
064456
064456
064457
064458
064458
064459
064460
388327
388327
388346
388346
388355
388355
388409
387723
387723
387751
387793
387797
387817
387903
065900
066063
066064
066065
066094
066097
066099
385624
385794
386121
386197
386256
386337
386347
388463
388888
389325
389325
389386
389416
389422
387903
388014
388039
388039
388040
388045
388080
066597
066598
066599
066600
066601
066602
066865
066102
066103
066228
066229
066230
066231
066246
064342
064343
064344
064345
064346
064347
064348
064461
064462
064463
064464
064465
064508
064509
386366
386403
386417
386478
386703
386872
386876
064984
065062
065064
065065
065066
065068
065069
389547
389547
389547
389565
389600
389807
389811
388091
388094
388116
388177
388183
388193
388243
387079
387404
387408
387418
387427
387483
387487
064510
064511
064512
064513
064552
064777
064777
067138
067141
067795
070149
070150
070158
070159
066247
066248
066250
066252
066255
066352
066353
388245
388322
388325
388332
388334
388337
388337
064349
064350
064351
064352
064377
064379
064384
066354
066356
066361
066366
066367
066368
066369
070159
070159
070276
384053
384194
385308
385448
387635
387652
387652
387717
387733
387745
387780
389822
389822
390097
390097
390097
390175
390175
388339
388339
388361
388361
388481
388601
388601
066370
066371
066373
066374
066375
066376
066381
064778
064778
064779
064779
064780
064780
064781
387780
387886
387910
387912
387912
387912
387944
386596
386726
387002
387096
387187
387440
387582
390182
390257
390265
390274
390279
390289
390289
066386
066387
066388
066393
066394
066395
066397
065628
065629
065630
065631
065632
065633
065635
388665
388740
388860
388860
388860
388926
389138
387970
387970
388006
388015
388015
388019
388019
387624
387639
387755
387837
387865
387898
387909
066399
066400
066401
066402
066403
066406
066407
064385
064386
064388
064390
064393
064397
064402
390417
390422
390424
390424
390459
390464
390472
389246
389298
389360
389360
389418
389583
389583
388027
388029
388029
388196
388200
388315
388315
064781
064782
064783
064784
064785
064786
064813
066408
066409
066488
066489
066493
066496
066502
064405
064475
064476
064477
064478
064479
064479
387931
387967
388007
388127
388130
388231
388290
390500
390515
390515
390533
390544
390545
390635
064911
064952
065107
065183
065195
065196
065197
066508
066510
066513
066514
066518
066568
066594
388318
388318
388321
388321
388326
388333
388333
389583
389638
389638
389641
389652
389789
389800
065198
065199
065200
065201
065207
065495
065712
064479
064479
064480
064481
064482
064483
064484
388320
388390
388410
388412
388428
388464
388637
390635
390652
390664
390664
390664
390691
390691
066624
066782
066783
066784
066790
066791
066792
388358
388358
388433
388433
388475
388475
388475
064485
064486
064490
064491
064497
064500
064502
389833
389833
389853
389853
389853
390099
390099
388693
388716
388720
388750
388765
388766
388771
066793
066794
066796
066960
066963
066967
066969
065718
065720
065724
066066
066249
066254
066355
066481
066603
066607
066608
066627
066629
066970
390703
390711
390711
390882
390882
390992
390992
388475
388477
388477
388477
388608
388613
388613
388958
389003
389013
389017
389295
389384
389734
390137
390145
390281
390281
390286
390416
390421
388664
388998
389031
389031
389031
389172
389306
064504
064514
064515
064516
064517
064520
064521
066971
066974
067212
067213
068229
068266
068267
066355
066372
066382
066389
066391
066391
066398
389779
389799
389803
389805
389836
389858
389858
390998
391002
391005
391010
391016
391022
391379
389863
390084
390084
390100
390100
390166
390201
069267
069268
069306
069310
069315
069316
069317
066404
066405
066410
066411
066413
066429
066494
065786
065787
065800
065964
065965
065966
065967
390421
390426
390426
390426
390648
390663
390663
391415
391415
391478
391478
391957
391957
391977
390010
390151
390163
390278
390375
390807
390886
065336
065338
065341
065342
065344
065345
065346
069320
069322
069651
069850
069851
069852
069853
390201
390218
390218
390234
390234
390256
390256
391983
391983
392054
392054
392054
392073
392114
390906
390922
391113
391189
391230
391814
391817
066495
066497
066498
066499
066500
066501
066503
070065
070066
070067
070068
070069
070116
070117
064522
064523
064524
064525
064526
064527
064528
390663
390750
390941
390941
391224
391354
391390
391861
391966
391967
391989
392075
392075
392090
065636
065637
065638
065639
065640
065641
065642
390293
390293
390302
390434
390434
390442
390507
392186
392186
392450
392450
392451
392451
392522
070191
070192
070193
070634
389109
390473
388313
064529
064530
064543
064544
064545
064551
064555
392115
392115
392140
392140
392262
392262
392489
392533
392546
392549
392549
392551
392551
392554
391390
391529
391529
391566
391566
391568
391707
390510
390539
390542
390549
390620
390639
390649
064556
064557
064558
064559
064560
064562
064563
066504
066505
066506
066507
066509
066511
066511
391707
391815
391815
391958
392008
392068
392068
392554
392554
392593
392593
392605
392622
392622
392623
392634
392635
392656
392656
392742
392809
388371
388392
388397
388707
388713
388718
388723
390783
390783
390783
390907
390907
390931
390934
392070
392070
392107
392107
392137
392137
392420
064566
064567
064568
064569
064570
064571
064584
392829
392873
392879
392939
393034
393037
393037
066973
066975
066977
066978
066979
066980
066981
390934
391014
391019
391033
391114
391114
391590
392421
392421
392421
392426
392460
392460
392471
388726
388728
388746
388746
388748
388754
388754
064702
064703
064704
064705
064706
064707
064708
392676
393227
393227
393368
393377
393377
393377
393042
393224
393230
393230
393231
393370
393422
065968
065969
065970
065971
065972
065973
065975
066512
066512
066515
066516
066516
066517
066517
392501
392501
392501
392528
392529
392529
392548
064709
064710
064711
064712
064713
064714
064715
393422
393543
393620
393628
393676
393676
393770
391590
391627
391627
391715
392011
392011
392020
388757
388757
388763
388763
388764
388767
388768
393777
393889
393889
393899
394023
394033
394033
392555
392557
392590
392604
392626
392626
392644
393377
393379
393387
393387
393388
393389
393504
066566
066593
066631
066781
066789
066795
066795
388769
388770
388772
388869
388871
388873
388874
394045
394356
394358
394391
394408
394408
394448
392733
392954
393008
393048
393049
393384
393384
065776
065777
065778
065779
065780
065781
065789
392031
392031
392052
392052
392543
392543
392550
393504
393504
393528
393528
393530
393538
393541
064716
064717
064719
064720
064721
064732
064733
388880
388881
388886
388897
388898
388898
388905
394549
394551
394558
394594
394605
394644
394651
066976
070574
070633
070651
385307
385309
385414
393404
393404
393410
393424
393626
393626
393635
064734
064735
064736
064737
064738
064739
064740
066089
066090
066090
066090
066091
066091
066091
066134
066135
066136
066137
066138
066139
066141
392630
392630
392649
393256
393263
393263
393395
393546
393546
393552
393552
393570
393599
393606
388906
389021
389068
389068
389341
389767
389767
394652
394652
394674
394903
394914
394915
394921
385661
385930
385930
385931
385932
386433
386433
393609
393619
393619
393875
393906
393906
393928
393635
393635
393635
393668
393668
393683
393925
394921
395014
395025
395025
395037
395047
395054
394029
394029
394039
394039
394095
394095
394127
393395
393395
393437
393439
393439
393439
393439
066144
066147
066149
066154
066156
066157
066158
064741
064742
064743
064744
064745
064750
064751
389796
389830
390067
390071
390071
390133
390133
393973
393973
393996
393996
394080
394080
394104
395054
395056
395056
395057
395057
395153
395165
064752
064753
064754
064814
064815
064816
064912
394127
394145
394155
394155
394169
394169
394191
393469
393469
393499
393499
393527
393587
393588
064913
064914
064915
064916
064917
064918
064919
065790
065791
065792
065793
065794
065795
065796
393596
393742
393742
393742
393900
393900
393900
394191
394194
394198
394198
394207
394207
394207
395204
395243
395244
395244
395244
395265
395266
390144
390144
390171
390171
390199
390561
390884
394109
394131
394132
394132
394135
394135
394135
064920
064921
064923
064924
064925
064926
064927
395266
395372
395378
395474
395632
395634
395637
066092
066092
066093
066093
066093
066096
066096
394222
394233
394233
394234
394234
394241
394241
394091
394091
394130
394168
394168
394216
394216
390884
390888
390888
390889
390896
391239
391481
064928
064929
064930
064931
064932
064933
064934
394137
394137
394142
394142
394199
394199
394218
395643
395644
395675
395675
395799
395802
395804
386594
386736
386748
386750
386755
386758
386759
064935
064936
064937
064938
064940
064941
064942
394235
394243
394292
394292
394292
394608
394608
391481
391756
391762
391762
391810
391813
391822
394249
394249
394250
394304
394311
394312
394312
395808
395809
395815
395815
395819
395831
395832
386957
386957
387032
387164
387175
387323
387327
395193
395193
395193
395285
395311
395311
395573
394218
394218
394228
394228
394228
394229
394229
391825
391831
391831
392743
392872
392956
392956
064943
064944
064945
064948
064949
064985
065011
394322
394322
394322
394804
394804
394897
395272
066159
066174
066176
066178
066180
066182
066185
395856
395857
395857
395913
395950
395994
395994
395593
395593
396084
396093
396093
396234
396239
394229
394245
394253
394253
394300
394308
394571
392986
392986
394751
394776
395363
395380
395380
387332
387348
387496
387496
387666
387791
387826
395327
395327
395327
395547
395968
395980
395991
065011
065132
065239
065242
065245
065251
065252
396265
396291
396291
396293
396337
396337
396358
065797
065798
065799
065801
065803
065804
065805
395994
396009
396014
396053
396053
396054
396054
396112
396163
396163
396301
396301
396322
396322
394571
394714
394714
394802
394802
394811
394850
396082
396110
396121
396145
396145
396154
396161
396358
396425
396520
396520
396576
396612
396700
066098
066101
066104
066106
066106
066109
066109
065253
065255
065256
065257
065258
065259
065260
395405
395405
395410
395410
395430
395610
395639
396336
396336
396633
396785
396785
397084
397205
396166
396166
396246
396254
396278
396432
396432
396711
396711
396711
396715
396715
396895
396984
065261
065262
065263
065264
065265
065266
065267
394850
395035
395108
395132
395148
395148
395150
395640
395640
395645
395645
395646
395649
395650
066186
066188
066189
066190
066191
066192
066193
387833
387841
387842
387845
387867
388119
388122
397025
397036
397036
397061
397061
397061
397125
396432
396452
396457
396464
396478
396478
396491
397396
397410
397410
397410
397671
398077
398077
065268
065269
065270
065271
065272
065273
065274
388137
388253
388263
388263
388269
388274
388280
395650
395652
395652
395664
395664
395668
395668
397459
397459
397459
397512
397512
397512
397581
398103
398120
398151
398151
398221
398222
398224
395150
395163
396465
396465
396465
396482
396509
396572
396581
396581
396581
396591
396639
396639
395775
395796
395797
395797
395803
395803
395806
397590
397590
397597
397668
397668
397673
397673
065275
065276
065277
065278
065282
065282
065539
388509
388645
388645
388654
388660
388662
389158
065923
065943
065943
065943
065944
065945
065945
398224
398267
398310
398310
398356
398356
398356
393851
385856
385857
385870
385874
386038
386054
395813
395820
395820
395823
395823
395824
395824
397739
397746
397780
397824
397827
398240
398240
065541
065544
065550
065574
065575
065581
065586
396661
396665
396665
396727
396727
396752
396788
398369
398369
398374
398374
398384
398594
398594
389158
389185
389226
389240
389251
389252
389335
396509
396537
396567
396567
396567
396578
396590
066194
066195
066196
066198
066199
066200
066201
396791
396866
396866
396887
396887
396896
396900
398606
398606
398618
398623
398623
398646
398646
395833
395833
395836
395837
395838
395839
395839
065599
065600
065601
065602
065603
065605
065634
396594
396594
396690
396750
396750
396750
396784
397002
397392
397392
397397
397397
397397
397400
398660
398660
398671
398673
398689
398689
398840
389350
389503
389504
389504
389542
389542
389622
065643
065644
065646
065647
065649
065650
065651
398334
398339
398343
398343
398348
398376
398376
397400
397400
397400
397437
397437
397504
397588
066109
066110
066110
066110
066112
066112
066113
396798
396901
396990
396990
396990
397481
397486
398376
398376
398401
398436
398477
398477
398502
395852
395852
395853
395866
395866
395868
395868
398840
398911
398982
399238
399238
399507
399540
065652
065657
065658
065660
065662
065663
065664
397628
397628
397628
397628
397635
397637
397645
389622
389624
389624
389663
389752
389752
390082
398572
398572
398572
398579
398634
398634
398634
397486
397573
397573
397602
397607
397607
397607
399540
399607
399607
399607
399630
399630
399864
066204
066205
066207
066208
066210
066211
066212
398718
398721
398721
398724
398724
398853
398853
398853
399047
399047
399118
399128
399145
399145
390221
390221
390314
390328
390332
390332
390356
395870
395918
395918
395949
395949
395951
395952
399864
399864
400060
400062
400062
400062
400084
397645
397647
397704
397718
397722
397723
397728
065665
065667
065668
065926
066071
066105
066160
397650
397711
397726
397726
397726
397734
397748
397753
397764
397768
397768
397773
397783
397783
386064
386087
386272
386323
386348
386655
386655
400084
400165
400217
400217
400291
400905
400914
399200
399200
399294
399333
399337
399436
399436
390356
391072
391098
391098
391110
391518
391673
066113
066113
066129
066129
066129
066131
066131
397758
397769
397774
397784
397844
397851
397851
397800
397800
397812
397868
397879
398344
398538
395952
395955
396021
396021
396023
396023
396031
399474
399499
399499
399542
399573
399586
399826
066160
066197
066202
066209
066209
066251
066253
401083
401083
401147
401147
401340
401835
401988
398538
398590
398602
398612
398616
398720
398720
397873
398146
398146
398165
398191
398191
398495
391673
391742
391742
391753
391753
391760
391760
401988
401988
402008
402008
402032
402727
402733
398863
398879
398883
398889
398894
398894
398915
396031
396035
396035
396060
396060
396060
396065
391921
391929
392003
392304
392304
392437
392437
399826
399826
399829
399965
399998
399998
400096
066253
066257
066258
066264
066265
066266
066267
402760
402760
402776
402776
402814
402821
402831
396067
396079
396079
396122
396122
396128
396132
398495
398524
398524
398857
398890
398891
398900
399177
399180
399181
399181
399302
399344
399492
065947
065947
065948
065949
065950
065951
065955
402860
403307
403307
403731
403731
403749
403749
400096
400275
400275
400290
400639
400718
400718
392470
392474
392490
392490
392495
392495
392505
066268
066269
066270
066272
066273
066275
066276
403846
403882
403882
403909
403919
403937
403937
066214
066215
066216
066222
066332
066333
066334
386761
386846
386869
386960
386999
387136
387136
398900
398925
398927
398927
398946
398951
398955
403958
403958
404097
404097
404132
404132
404224
399492
399526
399526
399551
399551
399580
399631
400756
400783
400800
400840
400840
401416
401416
392505
392871
392871
392871
393057
393355
393507
404537
404560
404560
404581
404581
404652
405198
398959
399099
399099
399168
399173
399202
399202
401416
401440
401635
401695
401730
401740
401740
396132
396135
396141
396141
396197
396197
396205
065957
065959
065995
065996
065997
065998
065999
405573
405573
405576
405585
405585
405590
405592
401752
401827
401827
401855
401855
401855
401859
399208
399208
399595
399595
399621
399621
399629
066362
066378
066380
066482
066487
066490
066491
399631
399631
399781
399781
399792
399792
399872
405592
405592
405941
405941
406236
406330
406330
399644
399644
399669
399669
399843
399843
399984
393507
393521
393521
393633
393633
393633
393650
401929
401929
401944
401944
402066
402415
402867
400637
400682
400724
400724
400726
400726
400829
399872
399876
399876
399931
399931
399970
399987
396205
396213
396213
396216
396216
396271
396271
406346
406401
406401
406415
406415
406435
406435
393650
393650
393650
394343
394343
394351
394364
402867
402867
402906
402945
403025
403025
403046
400829
401420
401420
401618
401618
401655
401655
400001
400022
400088
400692
400692
400731
400731
406456
406468
406504
406524
406624
406624
406650
396287
396287
396295
396315
396315
396328
396328
394816
395142
395142
395142
395298
395316
395316
066571
066616
066617
066618
066619
066620
066621
401683
401683
401691
401698
401698
401703
401703
400893
400893
400893
400902
400912
400912
400912
395368
395414
395414
395440
395441
395441
395504
403046
403246
403246
403467
403494
403519
403530
406681
406685
406685
406685
406759
406772
406802
387257
387258
387269
387334
387339
387364
387524
396334
396347
396608
396622
396622
396647
396647
401826
401864
401869
402015
402095
402140
402162
403530
404227
404227
404227
404330
404330
404524
406806
406821
406824
406864
406873
406873
406928
401079
401079
401557
401600
401634
401634
401686
395546
395546
395605
395666
395666
395674
395683
066622
066623
066648
066651
066803
066804
066897
396916
397129
397132
397233
397274
397275
397276
402397
402402
402402
402422
402422
402817
402817
404524
404545
404564
404564
404626
404656
404659
406992
407021
407039
407043
407102
407119
407165
066335
066336
066337
066338
066339
066340
066341
066131
066133
066133
066219
066221
066221
066232
066898
066898
066930
066982
066984
066987
066988
401689
401693
401694
401694
401704
401711
401733
407233
407244
407244
407250
407271
407271
407278
402834
402834
403026
403026
403033
403033
403074
395683
395683
395710
395732
395936
395976
395976
401733
401746
401809
401819
401849
401853
401964
397277
397896
397916
398108
398108
398108
398113
407318
407322
407326
407331
407336
407336
407356
067103
067104
067149
067186
067273
068276
068614
398116
398218
398218
398227
398227
398229
398229
404687
404687
404690
404924
404930
404935
404940
395976
396224
396228
396228
396228
396230
396231
407368
407376
407376
407380
407417
407419
407426
403314
403428
403598
403735
403735
403973
403973
398229
398270
398274
398328
398328
398328
398360
401964
401983
401983
401983
402004
402004
402013
404940
404948
405017
405017
405076
405082
405310
068618
068619
068619
068619
068676
068676
069031
407433
407452
407457
407460
407474
407477
407478
398360
398365
398365
398377
398377
398382
398382
066000
066001
066003
066006
066259
066298
066298
405310
405321
405382
405382
405382
405545
405584
404310
404310
404450
404619
404619
404871
405290
402024
402024
402126
402130
402143
402153
402155
407491
407494
407545
407547
407551
407565
407565
069224
069226
069228
069231
069234
069260
069260
398407
398407
398497
398500
398519
398531
398533
405613
405712
405712
405721
405721
405805
405805
066233
066233
066233
066234
066234
066234
066235
396237
396333
396333
396340
396340
396353
396353
408099
408133
408292
408296
408314
408314
408322
398545
398605
398605
398633
398633
398636
398654
402161
402164
402838
402838
402878
402881
403056
066344
066345
066346
066347
066348
066349
066359
405805
405989
406100
406133
406166
406166
406166
408324
408324
408348
408348
408349
408413
408413
405319
405319
405320
405320
405428
405511
405555
403413
403853
403859
403859
403859
403930
403930
406221
406568
406568
406571
406571
406584
406600
408414
408414
408431
408431
408440
408496
408496
387525
387541
387550
387569
387570
387594
387678
406614
407052
407052
407602
407602
407616
407616
398654
398665
398668
398680
398680
398687
398687
407616
407617
407617
407733
407733
407792
407836
405555
405564
405599
405599
405734
405734
405751
408580
408662
408662
409009
409009
409014
409020
403930
404275
404276
404276
404281
404292
404345
398693
398693
398829
398830
400184
400346
400365
405767
405784
405784
405784
405794
405816
405903
409020
409022
409027
409027
409029
409036
409036
070886
387299
388723
389107
389109
390401
390402
407836
407888
407888
407888
408009
408112
408112
404345
404567
404587
404629
404631
404640
404640
066475
066476
066477
066559
066560
066560
066561
400368
400374
400397
400431
401108
401159
401184
390406
390406
390439
390440
390440
390440
390441
396353
396450
396655
396655
396681
396681
396781
405997
406118
406178
406178
406442
406447
406447
390448
390475
391321
391353
391944
391955
392320
066235
066235
066236
066237
066237
066237
066238
409043
409043
409047
409050
409050
409052
409054
404649
404649
404742
404742
404754
404754
404757
066298
066301
066301
066320
066321
066322
066323
397500
397500
397500
397511
397514
397514
397521
408138
408212
408212
408379
408385
408444
408452
409055
409055
409201
409201
409341
409343
409346
401985
403265
403265
403284
403284
403288
403339
404757
405023
405284
405572
405583
405583
405587
406553
406558
406579
406579
406663
407109
407109
408452
408491
408586
408638
408638
408653
408677
066561
066562
066563
066563
066564
066569
066570
387680
387696
387712
387803
387811
387870
387876
409346
409355
409363
409363
409364
409364
409405
403339
404441
404458
404462
404641
404913
405044
397703
397703
397897
397924
398027
398027
398172
408695
408695
408702
408708
408720
408720
408755
392321
392495
392535
392722
392725
393388
393388
066360
066364
066416
066417
066417
066418
066419
405587
405589
405589
405880
406001
406002
406021
066570
066573
066573
066574
066588
066707
066787
407123
407125
407159
407170
407170
407480
407480
408767
408767
408814
409191
409334
409566
409732
406255
406293
406335
406351
406356
406361
406361
406168
406205
406213
406217
406431
406431
406431
409732
409751
409751
409953
409978
409978
410021
409405
409407
409407
409830
409830
409851
410002
398173
398185
398207
398215
398292
398292
398428
408395
408395
408435
408461
408473
408473
408498
406368
406368
406501
406501
406510
406521
406521
393603
393850
396419
396896
396899
397899
397901
410049
410049
410076
410114
410275
410279
410282
408498
408517
408517
408579
408579
408589
408589
406485
406485
406515
407135
407848
408370
408376
410021
410037
410037
410083
410083
410090
410090
066238
066239
066239
066239
066240
066240
066241
406541
407142
407267
407267
408047
408062
408075
398428
398439
398439
398439
398449
398449
398469
398733
398738
398739
398742
398747
398747
398747
408377
408389
408402
408402
408402
408415
408422
387878
387917
387926
387930
388156
388194
388204
410577
410622
410760
410777
410797
410808
410920
408075
408100
408117
408160
408180
408185
408185
408615
408652
408656
408686
408826
409073
409074
408422
408423
408427
408437
408437
408439
408439
410954
410954
410954
410985
410985
411000
411000
398689
398854
398904
398904
398940
398947
398956
408191
408280
408280
408312
408325
408325
408330
410353
410353
410353
410386
410386
410420
410436
408442
408442
408453
408453
408482
408482
408501
409087
409087
409199
409244
409244
409291
409309
411150
411443
411475
411484
411484
411910
411910
398747
398775
398775
398775
398777
398796
401197
408501
408621
408724
408740
408744
408806
408810
408330
408343
408343
408354
408354
408355
408360
410484
410566
410858
410858
411015
411030
411073
066797
067007
067008
067008
067009
067009
067010
388204
388275
388295
388312
388393
388399
388424
412015
412015
412015
412051
412051
412051
412200
411083
411145
411148
411148
411158
411349
411703
409146
409146
409172
409186
409186
409549
409549
398956
398966
398968
398968
398990
399002
399084
409309
409483
409483
409492
409504
409504
409526
066419
066420
066421
066421
066422
066423
066424
412241
412241
412302
412815
412818
412959
413052
411851
411965
411965
412047
412116
412212
412429
409584
409587
409594
409599
409619
409619
409647
408360
408582
408582
408609
408684
408684
408993
412487
412586
412596
412646
412691
412812
412827
401199
401199
401199
401203
401214
403311
403311
399250
399250
399380
399380
399413
399413
399425
066241
066242
066243
066244
066245
066245
066284
067010
067011
067011
067012
067012
067013
067013
388441
388456
388458
388484
388515
388587
388592
399425
399426
399446
399446
399467
399468
399468
413365
413370
413370
413370
413372
413372
413372
409656
409776
409973
409979
409987
409990
409999
066424
066425
066426
066426
066548
066549
066576
409013
409016
409016
409037
409038
409038
409039
409571
409583
409603
409609
409609
409620
409620
409999
410005
410009
410026
410055
410066
410067
412829
412875
413210
413279
413566
413733
413843
404138
407853
407853
409792
411092
411092
411326
388594
388600
388625
388630
388641
388712
388890
399469
399475
399475
399481
399481
399481
399486
410067
410086
410086
410087
410508
410508
410517
413859
413859
414090
414090
414142
414159
414177
066604
066605
066606
066703
066704
066705
066706
413888
414062
414062
414517
414765
414849
415052
409040
409041
409041
409044
409048
409048
409053
409644
409644
409649
409657
409761
409779
409779
399493
399500
399527
399527
399577
399577
399604
066284
066285
066285
066286
066286
066287
066288
415067
415132
415132
415269
415378
415403
415403
414315
414344
414397
414397
414397
414526
414616
066708
066709
066711
066714
066715
066716
066718
410597
410658
410682
410682
410698
410698
410776
409203
409277
409278
409279
409289
409289
409348
414620
414623
414635
414635
414674
414796
414855
415560
415646
415804
415804
064292
064293
064294
067014
067014
067015
067016
067134
067325
067325
388928
388929
388933
388934
388934
388936
388938
411331
411348
411348
411499
412110
412110
414126
400027
400095
400119
400188
400217
400239
400239
064295
064296
064297
064298
064299
064358
064359
409846
409853
409853
410027
410027
410046
410046
066719
066720
066721
066722
066723
066724
066725
418359
420013
420201
420235
421482
421482
421897
410776
410961
411049
411297
411347
411347
411354
066288
066288
066289
066290
066292
066303
066305
414869
415149
415159
415229
409953
413052
414324
409349
409351
409354
409356
409361
409366
409377
064360
064361
064362
064363
064381
064382
064383
410078
410078
410256
410391
410391
410450
410471
411395
411403
411434
411444
411444
411453
411602
421944
422755
422758
422758
427769
427772
386440
400722
400722
400733
400737
400737
400741
400744
064387
064389
064391
064392
064394
064395
064396
410471
410481
410481
410497
410519
410711
410726
411850
411860
411860
412264
412284
412317
412770
066729
066738
066786
066990
067000
067001
067002
064398
064399
064400
064401
064403
064404
064406
386443
386445
386445
386456
386822
387798
388306
401080
401955
402011
402011
402044
402068
402208
409424
409442
409952
410110
410116
410129
410168
388939
388940
388941
388943
388965
388965
388968
402400
402400
402408
402738
402776
402841
402841
412828
412828
412835
412901
412901
413955
414001
410795
410795
410885
410885
410939
410939
410955
064407
064408
064409
064410
064411
064412
064413
388306
388306
388701
388701
388736
388736
388758
067326
067326
067326
067327
067327
067327
067328
410277
410278
410280
410387
410387
410414
410435
414482
414549
414617
414619
414622
414634
414634
403094
403444
403453
403465
403512
403512
403575
410973
411053
411053
411061
411061
411306
411362
064414
064415
064416
064417
064418
064419
064420
388758
388758
388773
388773
388773
388887
388887
410437
410438
412573
412600
412662
412832
412876
388974
388978
388988
388988
388995
388996
389000
403586
403617
403666
403666
403683
403683
403693
411362
411409
411423
411511
411541
411570
411581
064421
064422
064423
064424
064425
064426
064427
414809
414898
415358
415418
066302
383772
383991
412876
412880
412887
412926
413940
413963
413963
388896
388900
388900
388904
388904
388907
388907
064440
064442
064443
064444
064445
064446
064447
067003
067004
067005
067095
067140
067142
067143
388910
388910
389040
389046
389046
390883
390883
403693
403695
403695
403709
403709
403887
404097
386269
386312
386354
386471
386515
386640
386672
067379
067384
067385
067423
067423
067425
067425
411613
411623
411635
411640
411640
411652
411791
404195
404209
404347
404398
404517
404517
404530
415056
415062
415071
415103
415260
415262
415277
384033
385316
385560
385619
385620
385803
386114
064448
064449
064467
064468
064469
064470
064471
390883
390893
390893
391823
391823
391832
391832
412319
412319
412342
412416
412559
412559
412730
404581
404620
404620
404918
404959
404959
405232
386255
386260
386694
386864
386867
386908
386908
064472
064473
064474
064535
064536
064537
064538
067329
067330
067331
067332
067333
067334
067473
067425
067429
067432
067432
067434
067435
067436
415549
415559
415647
415647
384170
384276
384687
064539
064540
064541
064542
064747
064748
064756
387099
387534
387706
387708
387734
387750
387964
391832
392321
393486
393590
395400
395400
395400
405327
405380
405384
405432
405472
405495
405499
064757
064758
064761
064762
064763
064764
064832
412865
412877
412894
412894
413050
413173
413173
395402
395402
395617
395617
395617
395648
395738
066306
066307
066308
066308
066308
066309
066310
064863
064864
064865
064866
064867
064868
065137
387983
387986
387989
387993
388066
388075
388078
067474
067475
067476
067478
067479
067480
067481
405506
405620
405620
405711
405711
405860
405860
385210
385745
385746
386066
386344
386518
386520
395738
395738
395811
395811
395843
395843
395844
065138
065139
065140
065141
066519
066612
386591
413905
413960
413995
414279
414550
414550
414550
386712
386749
386910
387264
387265
387266
388360
388088
388089
388186
388414
388875
389169
390227
067437
067438
067438
067439
067439
067439
067440
387046
387325
387825
387836
387852
388141
388151
414553
414553
414565
414579
414594
414626
414626
389009
389012
389015
389048
389050
389128
389130
390251
390255
390363
390363
390890
390890
390956
388178
388209
388220
388259
388273
388483
388513
395844
395945
395945
395953
395956
395956
395999
388606
389262
390420
391029
392077
392362
392369
414637
414645
415306
415306
415317
415322
415322
405866
405866
405999
405999
406262
406298
406298
390959
390959
390967
391146
391706
391713
391716
389184
389220
389220
389220
389388
389497
389499
067482
067483
067484
067485
067486
067487
067488
396038
396038
396046
396046
396046
396168
396168
415341
415489
415717
415721
386424
386730
386990
392387
393223
394879
395451
395454
395566
395568
389533
389533
389601
389613
389734
390072
390077
066310
066310
066311
066311
066312
066313
066314
390077
390375
390694
390694
390758
391104
391124
067440
067441
067441
067442
067443
067444
067446
396168
396341
396341
396989
398122
398122
398212
406558
406843
406843
406926
406950
406966
407017
391725
391725
391729
392034
392034
392039
392305
067489
067490
067491
067492
067493
067494
067495
391124
391124
391169
391409
391409
391409
391424
392305
392389
392389
392641
392641
392882
393267
389130
389134
389134
389135
389258
389336
389541
393290
393291
393291
393291
393834
394513
394513
398212
398212
398289
398289
398289
398314
398320
067496
067497
067498
067499
067509
067510
067511
391424
391424
391748
391763
391763
392428
392430
407299
407502
407516
407565
407577
407577
407612
398400
398400
398400
398581
398581
398581
398593
388249
392117
392673
392758
393973
394833
395089
394525
394525
394718
395471
395577
395577
395577
392483
392485
392531
392531
392553
392553
392770
407612
407771
407908
408017
408220
408220
408233
398593
398696
398895
398895
399263
399280
399289
395568
395716
395927
397864
397888
397919
397927
389541
389760
389945
389945
389960
390115
390288
067446
067446
067447
067448
067449
067450
067451
392770
392811
392811
392826
392826
392908
393516
395583
395588
395588
395598
395606
395606
395619
400015
400021
402317
403027
403050
403273
406349
066314
066315
066316
066316
066316
066317
066319
397941
400103
401985
404507
404522
405216
405414
395619
396351
396351
397091
397091
397091
397142
408233
408239
408242
408242
408255
408261
408261
395089
396682
401841
401885
407762
407762
409847
067512
067513
067514
067515
067516
067517
067518
405968
406255
406259
406264
407142
407292
407311
397142
397142
397543
398424
398464
398464
398485
390288
390657
390914
390918
390926
390976
391237
406349
408179
408179
408317
408342
408342
408490
408281
408281
408667
408822
408832
408976
409061
393623
393623
393634
393654
393654
393662
393662
411933
413900
409061
409131
409131
409409
409422
409451
409451
067452
067453
067455
067455
067456
067468
067468
398596
398596
398635
398635
398635
398638
398638
393676
393729
393729
393729
394339
394457
394457
066319
066319
066551
066551
066552
066553
066554
408490
408628
408628
408760
409197
409197
409205
407776
407787
407807
407889
407889
409295
409295
394478
394478
395175
395175
395175
395355
395701
398643
398643
398648
399022
399059
399112
399112
067519
067520
067521
067522
067523
067524
067525
395701
395725
395725
396048
396048
396048
396316
409308
409337
409669
409676
409676
409687
410138
409318
409318
409350
409360
409367
409367
409408
399112
399148
399148
399579
399888
399888
399966
391698
391785
391785
391797
391797
391845
391845
396620
396620
396782
396785
398005
398020
398020
067469
067469
067470
067470
067471
067472
067501
409451
409471
409487
409487
409499
409519
409521
410143
410181
410853
410893
411335
412917
414240
409521
409608
409608
409685
409700
409700
409704
409408
409807
409807
410127
410127
410214
410214
066555
066555
066556
067018
067022
067023
067024
398040
398040
398649
398649
398987
398991
398991
400723
400723
400748
400748
400748
400781
400831
409711
409713
410165
410546
410548
410675
410678
398991
399014
399014
399014
399024
399024
399405
400831
400846
400846
400846
401207
401207
401207
067502
067503
067534
067535
067536
067537
067538
391859
391888
391892
391892
391900
391900
391901
403527
403604
403604
403604
404944
404944
404987
410401
410401
410417
410417
410424
412259
412304
065070
065071
065072
065075
065076
065077
065078
067526
067527
067528
067529
067530
067531
067532
399405
399419
399435
399515
399515
399520
399520
391902
391922
391930
391931
391952
391952
391980
404987
405021
405046
405046
405046
405083
405083
415058
415074
415094
415641
065131
065134
065135
410705
410707
410707
410735
410791
410791
410842
067539
067541
067543
067544
067546
067548
067549
399529
400052
400082
400082
400107
400107
400196
067025
067025
067026
067028
067028
067028
067030
400196
400196
400196
400231
400231
401959
401963
410858
410905
410905
411054
411054
411069
411069
405085
405085
405085
405728
405728
405793
405793
401963
402796
402796
402796
402810
402860
403260
067551
067553
067554
067556
067558
067559
067561
411089
411089
411207
411408
411408
411448
411631
403262
403262
403268
403268
403423
403653
403653
405793
405806
405806
405806
406591
406591
407508
411631
411732
411732
411812
411885
412050
412276
391980
391982
391988
391991
391994
392033
392033
386847
386857
386860
387078
387236
387255
387276
412276
412333
412344
412384
412384
412415
412721
403653
403716
403716
403721
403721
404067
404525
407508
407521
407573
407573
407574
407574
407574
404525
404553
404553
404561
404636
404646
404646
067563
067564
067565
067566
067567
067568
067569
387350
387393
387420
387452
387453
387552
387561
405881
405881
405972
405972
405992
405992
406000
392043
392043
392091
392091
392261
392263
392263
406346
407485
407512
407512
407524
407586
407586
067577
067578
067579
067596
067597
067598
067599
407605
407605
407968
407968
408224
408262
408262
065099
065100
065202
065203
065204
065220
065283
408284
408284
408292
408635
408635
408837
408867
412879
413109
413109
413171
413831
413835
413835
407581
407581
407581
407831
407831
407856
407856
409100
409100
409443
409443
409546
409546
409670
067570
067571
067572
067573
067574
067575
067622
409670
409714
409714
410754
410787
410825
410825
392264
392352
392359
392359
392376
392376
392380
411077
411156
412279
412287
412287
412452
412452
413835
413904
413999
414007
414007
414182
414190
065284
065285
065286
065287
065288
065289
065290
067600
067601
067602
067603
067604
067606
067607
412522
412522
413198
413205
413205
413221
413850
066983
066985
066986
066989
066991
066991
066992
413850
413852
413903
413973
413973
414042
414042
387568
387579
387580
387603
387615
387743
387787
414190
414192
414206
414289
414503
414600
414600
414056
414149
414476
414531
414531
414603
414659
408028
408128
408128
408717
408717
408733
408733
414661
414661
414665
067608
067609
067610
067611
067612
067614
067616
410602
411182
411182
411280
411945
411945
412318
067032
067034
067034
067154
067154
067155
067156
413057
413124
413124
413366
413366
413366
413502
414639
414639
414671
415340
415340
415368
415368
067618
067619
067620
067621
067765
067766
067816
067157
067158
067159
067160
067160
067161
067161
415488
415488
415489
415489
385412
385433
387051
414395
414428
067669
067670
067671
067672
067673
067674
067675
067174
067427
067427
067428
067428
067430
067430
066993
066994
066995
066995
066996
066997
066998
067676
067677
067678
067679
067680
067681
067682
392380
392382
392410
392410
392416
392416
392668
387185
387673
387827
387832
388161
388167
388172
067817
067857
067859
067861
067862
067864
067866
067431
067433
067454
067454
067457
067458
067458
392753
392753
392762
392762
392815
392878
392878
066999
067078
067078
067079
067080
067080
067081
067683
067684
067685
067686
067687
067688
067689
065347
065349
065350
065351
065352
065353
065355
387804
387814
387822
387873
387883
387936
387937
068135
068226
068478
068504
068506
068507
068508
065291
065292
065293
065294
065295
065296
065297
067459
067459
067460
067460
067461
067462
067462
388212
388219
388222
389552
389575
389575
389605
067690
067691
067692
067693
067694
067695
067696
393041
393062
393062
393136
393171
393181
393232
067083
067084
067085
067085
067086
067086
067086
387947
388003
388092
388124
388175
388256
388279
065298
065301
065303
065306
065308
065310
065311
067463
067464
067464
067465
067465
067505
067505
065312
065313
065315
065335
065337
065339
065340
065357
065358
065359
065360
065361
065362
065363
390074
390308
390308
390342
390342
391749
391749
068509
068510
068511
068527
068528
068529
068530
067697
067698
067699
067700
067701
067702
067703
391876
391876
392433
392447
392447
392478
392480
067506
067506
067507
067507
067540
067542
067545
067704
067705
067706
067707
067708
067709
067710
393232
393232
393239
393239
393239
393245
393245
067711
067712
067713
067714
067715
067716
067717
067754
067754
067755
067755
067755
067756
067756
068531
068532
068533
068534
068535
068536
068537
065343
065348
065625
065670
065671
065672
065673
067088
067088
067090
067091
067595
067613
067615
065364
065365
065366
065367
065368
065369
065370
393373
393373
394337
394337
394364
394450
394450
393288
393399
393537
393540
393540
393540
393835
068538
068539
068540
068541
068542
068543
068544
067757
067757
067759
067759
067760
067761
067761
067718
067719
067720
067721
067722
067723
067796
065674
065807
065808
065809
065810
065811
065812
068545
068546
068547
068548
068549
068550
068551
065371
065372
065373
065374
065375
065376
065377
396325
396325
396338
396626
396626
396662
396662
067798
067799
067800
067801
067803
067812
067813
393835
393835
393959
393959
393969
393969
393979
399496
399513
399522
399528
403257
403726
403726
388366
388419
388421
388431
388435
388451
388498
403867
403867
403894
403894
405635
405635
405904
068552
068553
068563
068569
068570
068574
068575
405981
405994
405994
408041
408041
408269
408276
067836
067852
067853
067854
067855
067856
067867
067624
067865
068101
068104
068133
068247
069524
067761
067794
067863
067863
068134
068136
070644
408276
408301
408301
408630
408630
408834
408834
068244
068246
068486
068881
068883
068884
068885
068577
068579
068580
068581
068582
068583
068584
393979
394122
394140
394209
394209
394290
394290
409135
409538
410333
412095
412480
412480
413899
068587
068626
068627
068628
068629
068630
068632
068886
068887
068888
068890
068891
068892
068894
388523
388527
388535
388540
388586
388617
388636
413915
413922
413930
413997
414535
414686
414701
068633
068634
068635
068636
068638
068640
068642
394290
394350
394384
394384
394441
394441
394506
414702
068644
068645
068646
068647
068650
068651
068652
068895
068896
068897
068898
068899
068900
068901
388659
388688
388710
388732
388932
388980
388981
068654
068655
068657
068659
068660
068661
068662
068918
068919
068920
068921
068922
068923
068924
065378
065379
065380
065381
065382
065383
065384
394516
394555
394598
394598
394598
394602
394602
065813
065814
065815
065816
065817
065818
065819
068926
068947
068948
068949
068950
068951
068952
068663
068664
068665
068666
068667
068668
068669
065385
065386
065387
065388
065389
065390
065391
070151
070152
070153
070154
070194
070195
070211
394668
394678
394678
394679
394679
394679
394719
068670
068671
068672
068674
068675
068677
068679
065820
065821
065822
065823
065824
065825
065826
070645
070652
386516
386519
386687
386735
386743
070212
070213
070218
070220
070220
070221
070222
068680
068681
068682
068683
068684
069523
070171
388999
389014
389020
389023
389028
389030
389151
068953
068954
068955
068956
068957
068958
068959
065392
065393
065398
065399
065400
065401
065402
070172
070173
070182
070183
070184
070185
070186
070223
070224
070225
070226
070227
070228
070229
065827
065828
065829
065830
065831
065832
065833
394803
394803
394884
394901
395026
395122
395211
070208
070209
070210
386367
386438
386529
386529
386881
386884
387011
387261
387263
387435
387644
068960
068961
068962
069535
069540
069574
070176
065403
065404
065405
065406
065407
065408
065409
386529
387103
387107
387608
387614
387688
387703
065834
066140
066142
066145
066146
066148
066150
388507
388510
390360
391340
391512
391537
391542
065410
065411
065412
065413
065414
065416
065417
070177
070178
070187
070188
070196
070197
070198
066151
066152
066153
066155
066163
066164
066165
070199
070200
070201
070202
070203
070204
070205
389206
389536
389537
389538
389540
389757
389758
391684
391936
391995
391995
392249
392250
392250
065418
065419
065420
065421
065422
065423
065424
070206
070207
070639
070639
386405
386405
387015
070230
070231
070232
070234
070235
070236
070237
392402
392588
392747
392780
393748
393748
395366
070238
070240
070240
384141
384643
384644
385312
387201
387540
387609
387669
387686
387858
388000
387785
388001
388319
388564
388639
389178
389261
395742
395742
395742
396387
396473
396499
398060
388285
388966
389093
389861
390059
390059
391506
398060
398060
398679
398683
398793
398899
398938
389759
389966
390324
390324
390344
390390
390583
066166
066167
066168
066168
066169
066169
066170
391691
391999
392255
392255
392256
392256
392265
065425
065426
065427
065428
065429
065430
065431
398979
399196
399472
399472
399508
399652
399652
392488
392488
394790
394900
395218
396056
396294
390003
390025
390260
391689
391692
392177
392257
390583
390693
391223
391223
391323
391323
391646
385863
386057
386069
386076
386088
386246
386277
396431
396447
396455
396455
396610
396610
396627
066171
066172
066173
066175
066177
066177
066179
399673
399673
401302
401302
401705
402034
402201
395211
395247
395247
395252
395252
395289
395300
391782
391824
391824
391835
391893
391918
391950
065432
065433
065434
065435
065436
065437
065438
396627
396954
397093
397105
397216
397216
397295
392377
392384
393908
393916
393924
393957
394012
402222
402222
402248
402248
402251
402254
402254
066179
066181
066181
066183
066183
066184
066203
397295
398243
398699
398699
398772
398852
398860
391955
391955
391981
391993
392021
392049
392060
399178
399204
399570
399570
400342
401052
401457
065439
065440
065441
065442
065443
065444
065445
402265
402265
402309
402309
402396
402396
402396
066223
066224
066225
066279
066280
066281
066293
402506
402660
402660
402670
402670
402670
402671
386320
386490
386491
386638
386723
386731
386782
402055
402055
402243
402243
402243
402258
402361
402671
402683
402683
402683
402702
402702
402803
065446
065447
065448
065449
065450
065451
065452
392060
392084
392174
392174
392353
392361
392373
066293
066294
066295
066296
066296
066297
066297
395300
395300
395356
395376
395376
395376
395424
402361
402379
402379
402379
402474
402474
402474
392373
392412
392413
392449
392658
392658
392728
402724
402724
402725
402855
403880
403953
404088
402873
402873
402873
402989
402989
402989
403114
394017
394047
394056
394058
394383
394383
394392
065453
065454
065456
065459
065461
065462
065465
386793
387109
387123
387220
387251
387526
387527
066299
066299
066299
066320
066322
066323
066412
065466
065467
065468
065470
065471
065472
065473
404143
404156
404223
404311
404311
404430
404433
387560
387562
387574
387575
387583
387598
387606
403114
403271
403271
403300
403300
403539
403539
066412
066414
066414
066414
066416
066417
066419
403554
403554
403954
403980
403980
404174
404267
394401
394401
394415
394417
394462
394462
394477
404501
404834
405212
405623
405623
405639
405939
395456
395528
395559
395602
395602
395670
395672
392728
392732
392788
392788
392789
392803
392803
405155
405481
405481
405489
405500
405500
405514
065474
065475
065476
065477
065479
065481
065483
406249
406270
406278
406286
406286
406286
406286
387620
387633
387677
387693
387877
387880
387901
406503
406503
406503
407379
407379
407402
407402
392819
392833
392833
392935
392935
392969
393026
405561
405615
405616
406342
406689
407176
407445
066420
066421
066424
066426
066575
066577
066788
407467
407467
408039
408064
408803
408803
409166
394487
394493
394539
394539
394557
394603
394603
409166
409641
409754
409762
409800
409800
409800
407466
408042
408107
409798
410374
410374
410476
395699
395760
395760
395810
395830
395830
395887
411715
411715
411733
411792
411838
411905
411905
067001
067004
067005
067051
067051
067052
067053
411966
412017
412028
412030
412030
412030
412169
394626
394637
394639
394645
394645
394918
394928
410360
410470
410532
410552
411645
411645
411681
412171
412305
412349
412360
412394
412442
412524
065485
065487
065489
065491
065494
065496
065501
411699
411758
411758
411758
411788
411788
411835
393036
393036
393088
393096
393109
393183
393183
395887
395907
395914
395964
396233
396233
396233
412583
412583
412601
413259
413332
413761
414762
067053
067053
067054
067055
067109
067152
067381
411950
412003
412016
412016
412032
412041
412065
414897
414897
414910
414936
414984
414987
414987
393302
393472
393544
393544
393550
393554
393569
412131
412133
412156
412177
412303
412306
412310
395016
395021
395027
395029
395031
395049
395058
415011
415175
415178
415178
415188
415188
415243
065504
065507
065512
065529
065530
065531
065532
412405
412496
412597
412612
412614
412636
412638
065534
065535
065536
065537
065538
065540
065542
387916
387938
387958
388071
388114
388199
388389
412645
412665
412833
412966
412974
412974
413235
396235
396235
396286
396324
396324
396327
396350
413254
413283
413675
413677
413705
413720
414582
395058
395073
395173
395176
395188
395192
395202
415671
415810
415901
416111
068685
068708
068709
067382
067451
067582
067583
067584
067586
067587
414760
414760
414829
414843
414879
414914
414914
065543
065545
065546
065547
065548
065549
065551
414964
414964
414964
415026
415164
415383
415909
395267
395267
395267
395362
395387
395387
395420
068710
068711
068713
068715
068716
068717
068718
396364
396367
396367
396382
396438
396438
396503
393848
393954
393954
394195
394306
394309
394313
415909
415909
415983
416018
385658
386143
386693
395438
395442
395449
395452
395452
395479
395529
388395
389330
389340
389766
389768
389769
389785
067588
067589
067769
067770
067797
068740
068905
065552
065553
065554
065555
065556
065557
065560
068719
068720
068731
068732
068734
068736
068737
388468
388468
388474
388474
388487
388500
388505
068738
068741
068742
068743
068744
068745
068746
389818
391225
391231
391281
394784
394784
396000
394313
394313
394317
394369
394468
394655
394808
395534
395555
395560
395580
395589
395590
395654
396070
396072
396075
396077
396094
396105
396252
068747
068748
068749
068750
068751
068752
068753
396252
396255
396380
396799
396807
396819
396830
396503
396503
397013
397027
397040
397040
397048
068906
068907
068908
068909
068910
068911
068912
068754
068927
068928
068929
068930
068931
068932
397041
397057
397087
397096
397118
397145
397151
388539
388569
388616
388632
388635
388657
388791
397095
397095
397108
397108
397117
397124
397174
395663
395679
395711
395739
395739
395743
395939
068933
068934
068935
068936
068937
068938
068939
394898
394935
394940
394954
394960
394974
394974
388925
388944
388949
388984
388986
388994
389039
397153
397181
397242
397428
397480
398260
398470
065562
065563
065565
065567
065568
065569
065570
068940
068941
068942
068943
068944
068945
068946
397191
397191
397199
397289
397293
397415
397438
400025
400028
400090
400116
400178
400206
400276
069463
069466
069486
069528
069573
070292
386439
395033
395092
395133
395684
395749
395769
395792
400295
401027
401140
401162
401185
401196
401215
069540
070155
070156
070157
070160
070160
070160
387494
388170
390894
390894
391255
391491
391491
065571
065572
065584
065585
065588
065589
065590
401223
401227
401258
401378
404445
404461
404463
389081
389083
389574
389579
389584
389590
389595
392320
392336
392391
392409
393591
393605
393608
396687
397856
397856
397866
397880
397884
397887
404480
404489
404775
404786
404800
404811
404832
070161
070162
070162
070162
070163
070165
070166
389612
389839
389839
389839
389839
389937
389959
065606
065607
065608
065610
065611
065612
065613
404836
405054
405058
405113
405236
405243
405250
395798
395798
395805
395821
395821
395840
395840
393611
393838
393838
397064
397064
397064
397069
389959
390118
390118
390118
390350
390897
390919
405267
405269
406287
406288
406295
406303
406369
070167
070168
070169
070174
070175
070179
070180
397069
397072
397072
397358
397576
397576
397586
407216
407422
408111
408155
408159
408159
408177
397901
397907
397929
397931
397933
397935
397937
065614
065615
065616
065617
065618
065619
065620
397586
397596
397596
397606
398272
398272
398272
397600
397600
397662
397744
397761
397786
397786
408189
408211
408211
408645
408645
408982
408982
065835
065836
065837
065838
065839
065846
065847
398277
398277
398302
398302
398304
398304
399137
391533
391533
391840
391896
391919
391927
391947
070181
390140
427911
434463
385721
385733
385778
395848
395858
395874
395874
395878
395878
395880
408995
409532
409544
409544
410170
410170
410192
397937
397939
397943
398442
398980
398980
399078
399137
399805
399805
399805
400087
400087
401214
410192
411018
411407
411407
411774
411787
411879
065848
065849
065850
065851
065852
065853
065854
401214
401886
401886
402172
402180
402180
402267
385970
386639
386774
386866
387104
387122
387160
411879
412577
412598
412651
412670
413907
413907
399553
399553
399766
400032
400045
400047
400069
413966
413968
413979
413996
391947
391947
391974
391974
391974
391975
391975
402267
402322
402372
402372
402390
402453
402453
397786
397846
397990
397990
397990
398053
398076
402453
402470
402470
402478
402478
402478
402486
065855
065856
065857
065858
065859
065860
065861
402486
402499
402541
402541
402559
402601
402637
395898
395898
395898
395901
395931
395931
395932
400125
400143
401105
401117
401657
401729
401887
402640
402679
402679
402679
402687
402696
402696
391986
391992
391992
392062
392062
392063
392063
387491
387601
387613
387668
387682
387697
387702
065862
065863
065864
065865
065866
065867
065868
395965
395965
396003
396392
396392
396406
397009
398115
398124
398129
398129
398150
398159
398183
402700
402707
402712
402712
402917
402938
402938
402007
402067
402072
402076
402188
402273
402549
402966
403102
403271
403271
403538
403545
403551
065869
065870
065871
065872
065873
065874
065875
392065
392065
392081
392101
392101
392120
392120
398183
398204
398286
398286
398422
398422
398472
397039
397039
397039
397065
397085
397085
397140
403554
403806
403857
403901
404048
404055
405195
387999
388106
388258
388499
388755
388825
389273
065876
065877
065878
065879
065880
065881
065882
405248
405351
405351
405351
405454
405475
405475
405518
405523
405523
405530
405532
405540
405551
398484
398498
398498
398526
398663
398663
398702
397140
397183
397183
397190
397206
397206
397206
065884
065885
065886
065887
065888
065889
065890
392166
392351
392351
392371
392371
392392
392392
405557
405614
405614
406968
406993
407009
407049
402717
402719
402747
402747
403352
403865
403932
407144
407176
407440
407454
407454
407543
407543
389318
389374
389374
389399
389868
390050
390304
397211
397211
397213
397214
397218
397218
397247
392411
392411
392415
392415
392585
392597
392597
404148
404152
404168
404352
404421
404505
404511
065892
065894
065895
065897
065898
065899
065901
414993
415000
415191
390592
390898
390933
391031
391031
391229
391244
392672
392686
392744
392808
392808
392820
392820
404538
404548
404552
404710
404710
404710
404837
397249
397249
397296
397303
397363
397372
397380
398702
398901
399055
399103
399110
399207
399251
391249
391254
391254
391483
391507
391538
391571
392820
392876
392876
392880
392880
392892
392892
404845
404865
404890
405207
405207
405222
405225
065902
065903
065904
065905
065906
065907
065908
397386
397386
397393
397398
397402
397402
397430
391587
391683
391683
391795
392017
392232
392232
405240
405276
405424
405621
405919
405980
405984
397522
397615
397615
397632
397632
397657
397659
399251
399251
399285
399288
399297
399367
399368
392251
392812
392812
392827
392830
393172
393172
399373
399471
399471
399767
399810
399810
399882
393225
393225
393276
393276
393935
393953
393982
065909
065910
065911
065912
066042
066043
066045
393174
393182
393187
393187
393535
393535
393535
397729
397747
397757
397969
397978
397981
397983
394013
394013
394027
394027
394027
394027
394046
066057
066058
066067
066068
066069
066070
066072
393535
393536
393536
393612
393612
394246
394246
397983
397988
398000
398002
398004
398004
398017
394060
394120
394120
394146
394147
394157
394188
398031
398031
398036
398036
398099
398099
398102
394252
394252
394252
394299
394316
394320
394320
066073
066074
066075
066076
066077
066078
066079
406003
406233
406252
406253
406274
406276
406404
398102
398127
398128
398133
398153
398153
398160
394359
394616
394619
395601
395731
395754
395756
066080
066081
066082
066083
066084
066085
066086
399971
400306
400332
400512
400719
400734
400739
394262
394454
394490
394653
394653
394664
394671
398161
398266
398520
398730
398730
398735
398744
406412
406516
406519
406626
406654
406710
406711
395756
395764
395764
395771
395771
395771
395817
394672
394676
394676
394809
394809
394809
394809
066087
066088
066095
066100
066111
066114
066115
394809
394890
394936
394977
394977
395107
395137
400739
400739
400762
400762
400842
400910
400910
395826
395829
396260
396384
396384
396409
396637
395144
395241
395469
395469
395469
395478
395478
398749
398753
398754
398761
398767
398809
398813
406718
406721
406725
406767
406781
406783
406797
396637
396712
396712
396846
396894
396894
397058
406798
406798
406811
406820
406820
406820
406820
398813
398821
398823
398954
398954
399061
399075
066116
066117
066118
066119
066120
066121
066122
406825
406852
406913
406913
406913
406918
406999
066123
066124
066125
066126
066127
066128
066130
395478
395553
395553
395553
395653
395871
395871
400916
400918
400918
400938
400938
401086
401360
066132
066431
066432
066433
066434
066435
066436
399075
399100
399212
399213
399222
399242
399258
397066
397066
397066
397238
397238
397253
397313
066440
066441
066442
066443
066444
066445
066446
401376
401384
401958
402077
402133
402404
402404
407012
407014
407024
407058
407062
407066
407066
397361
397367
397369
397369
397374
397378
397378
395871
395885
395885
395909
395909
395995
396006
402413
402420
402457
402457
402475
403131
403486
066447
066448
066449
066450
066451
066452
066453
397378
397614
397614
397799
397804
397842
397842
407075
407079
407086
407091
407187
407191
407197
399279
399286
399300
399309
399311
399315
399324
066454
066455
066456
066457
066458
066459
066460
397952
397954
397957
397965
397985
397985
398015
407201
407202
407205
407207
407208
407212
407226
403486
403518
403518
403541
403541
403606
403623
398298
398298
398298
398412
398412
398726
398726
396006
396006
396359
396359
396386
396386
396395
407226
407226
407234
407240
407246
407253
407255
403623
403623
403629
403650
403650
403668
404127
398731
398738
398741
398741
398747
398757
398789
396395
396395
396407
396466
396466
396592
396592
399326
399329
399329
399330
399353
399360
399369
398816
399095
399125
399125
399275
399304
399355
404230
404236
404293
404331
404346
404376
404443
399472
399535
399535
399606
399624
399673
400151
066461
066462
066463
066464
066465
066710
066712
407258
407268
407272
407279
407285
407286
407291
396592
396714
396714
396714
397001
397004
397004
404563
404577
404766
404937
404947
404947
404947
066713
066717
066726
066727
066728
066730
066731
397088
397092
397092
397097
397104
397104
397204
400167
400248
400248
400248
400514
400759
400786
399483
399616
399620
400104
400104
400957
400957
407291
407291
407291
407294
407314
407327
407337
400804
400849
400849
400891
400928
400979
401134
397208
397300
397365
397396
397421
397580
397587
404986
404991
405000
405000
405004
405004
405012
400985
401047
401265
401265
401355
401355
401455
397620
397620
397737
397737
397737
397854
397959
405015
405020
405066
405077
405202
405356
405356
407341
407355
407361
407375
407386
407390
407401
397972
397976
398007
398025
398025
398043
398104
401170
401261
401261
401261
401284
401302
401361
401488
401539
401539
401565
401574
401584
401596
405479
405562
405562
405612
405708
405715
405781
401361
401361
401379
401382
401382
401382
401444
066732
066733
066734
066735
066736
066737
066739
398158
398174
398174
398342
398342
398342
398355
407415
407415
407431
407438
407443
407449
407449
402136
402165
402165
402165
402171
402233
402233
405896
405896
406305
406357
406384
406473
406484
401469
401513
401522
401584
401652
401969
402047
066740
067295
067340
067341
067342
067343
067344
398355
398355
398814
399215
399215
399215
399261
402247
402247
402308
402308
402318
402545
402569
407455
407463
407481
407483
407486
407544
407544
402217
402217
402217
402226
402226
402226
402226
406592
406592
406594
406853
406970
407020
407594
399282
399284
399298
399298
399321
399343
399363
407550
407553
407554
407558
407558
407560
407769
402577
402592
402592
402592
402623
402648
402665
067345
067346
067347
067348
067349
067350
067352
407788
407794
407796
407815
407818
407824
407898
407595
407595
407601
407622
407622
407703
407832
399379
399383
399636
399636
399636
399899
399899
402676
402682
402690
402690
402695
402695
402703
402248
402254
402307
402307
402307
402323
402323
067354
067355
067356
067357
067358
067359
067360
407901
407905
407916
407919
408120
408631
409132
399899
400185
400185
400199
400199
400277
400447
402323
402328
402328
402328
402331
402528
402528
407885
407885
407957
408000
408038
408038
408152
402709
402709
402711
402756
402756
402820
402836
400482
400482
400914
401010
401154
401154
401285
402528
402528
402558
402558
402606
402606
402606
409282
409303
409325
409330
409596
409643
409662
408152
408153
408153
408232
408250
408398
408398
401285
401285
401309
401309
401319
401351
401370
402960
402960
402960
403097
403097
403106
403148
402609
402609
402609
402656
402678
402743
402743
409664
409692
409693
409724
409777
410139
410157
067361
067380
067388
067389
067390
067391
067392
401602
401609
401622
401622
401832
401832
401832
067393
067394
067395
067396
067397
067398
067399
402873
402979
403121
403193
403392
403466
403515
067400
067401
067402
067403
067404
067405
067406
401840
401840
401982
402042
402075
402075
402075
408398
408500
408521
408545
408545
408681
408681
403515
403515
403526
403526
403608
403608
403615
410159
410357
410358
410419
410423
410922
410922
403303
403316
403330
403440
403559
403559
403712
067407
067408
067409
067410
067411
067412
067413
402120
402224
402224
402244
402321
402321
402441
408759
408759
408768
408900
408900
409025
409025
067414
067415
067416
067417
067547
067550
067552
411068
411078
411078
411086
411096
411096
411109
402459
402459
402506
402506
402730
402762
402771
403720
403724
403729
403797
403817
403840
403857
403661
403687
403696
403703
403717
403717
403727
411109
411111
411127
411140
411143
411149
411149
403916
404170
404178
404184
404231
404234
404246
409090
409410
409418
409437
409469
409517
409577
404042
404042
404243
404268
404284
404296
404332
402794
402837
402869
403160
403645
403645
403753
404284
404301
404455
404925
405440
405440
405446
067555
067557
067560
067562
067617
067625
067626
404332
404338
404344
404380
404388
404419
404425
411163
411265
411331
411739
411754
411820
411828
405452
405452
405458
405494
405519
405541
405544
403753
403753
403821
403909
403921
404071
404128
405686
405779
405779
405790
405790
406054
406081
404438
404438
404532
404773
404773
404919
404942
409577
409654
409654
409708
410349
410674
410674
406241
406261
406261
406261
406297
406315
406350
411911
411990
412000
412035
412040
412063
412115
067627
067628
067629
067630
067631
067633
067634
404164
404187
404205
404219
404254
404297
404404
406454
406503
406840
406840
406846
406847
406847
067635
067636
067637
067638
067639
067640
067641
404410
404427
404446
404594
404596
404596
404596
412123
412159
412174
412366
412383
412446
412500
404981
405011
405031
405036
405041
405337
405337
067642
067643
067644
067645
067646
067647
067648
410697
410697
410713
410722
410722
410913
410913
404613
404613
404958
404978
404978
405032
405034
412504
412546
412548
412606
412630
412660
412759
405381
405385
405397
405464
405473
405485
405502
410924
410924
411059
411059
411364
411365
411384
406868
406886
406946
406946
407007
407018
407018
412987
412999
413182
413243
413300
413475
413673
411449
411449
411622
411622
411818
411818
411832
407041
407427
407458
407458
407564
407564
407777
413679
413681
413740
414107
414115
414262
414336
405510
405510
405526
405526
405539
405539
405539
405047
405128
405196
405287
405370
405401
405409
405459
405477
405576
405664
405768
405771
405771
414798
414834
414845
414847
414885
414996
415044
067649
067650
067651
067652
067653
067654
067655
411832
411877
411877
411927
411927
411994
411994
405575
405645
405674
405687
405691
405718
405826
407780
407853
407853
407965
408096
408394
409466
067656
067657
067658
067659
067660
067661
067662
411994
412020
412297
412297
412340
412340
412407
415248
415258
415504
415504
415506
415576
415579
405877
405882
405882
405901
405935
406301
406306
412407
412423
412423
412640
412798
412816
412819
406065
406069
406355
406408
406408
406419
406453
067663
067664
067665
067666
067758
067762
067763
409470
409470
409476
409701
409748
409798
410327
412868
412868
412869
412897
412897
413094
413095
415823
415882
415905
415993
064802
064805
389210
410327
410388
410413
410743
410751
411645
411693
406689
406689
406735
406735
406736
406819
406857
406311
406319
406332
406333
406358
406362
406380
389210
389307
389310
389581
389639
389647
389886
413176
413179
413180
413180
413196
413206
413353
067776
067778
067779
067807
067808
067809
067810
406385
406409
406457
406493
406542
406678
406678
411696
411705
411705
411715
411768
411768
411939
389898
389907
391034
394873
394876
394876
395344
406875
406991
407053
407084
407097
407111
407185
067811
067814
067815
067820
067822
067823
067824
406877
406877
406886
406963
407034
407133
407133
395344
395349
395349
395349
395404
395404
395434
411984
412016
412038
412106
412294
412367
412367
067827
067828
067829
067889
067890
067891
067893
407699
407699
407709
407709
408467
408476
408489
412372
412376
412380
412386
412473
412525
412587
395434
395444
395448
395448
395466
395466
395489
413353
413470
413766
414099
414112
414112
414225
412592
412843
412851
412974
413005
413297
413327
395489
395548
395548
395600
395665
395736
395736
413680
413784
413816
414308
414402
414772
414772
408508
408519
408623
408693
408833
408836
408854
407185
407290
407342
407346
407352
407360
407372
414232
414250
414299
414360
414360
414373
414391
414775
414776
414812
414971
414992
414995
415002
395737
395737
395930
395930
395934
395941
395941
408959
409069
409069
409421
409446
409448
409450
407408
407445
407445
407470
407561
407698
407811
067895
067896
067897
067899
067902
067903
067904
395943
395943
397870
397882
397882
397899
397899
409453
409464
409466
409478
409481
409496
409497
414391
414555
414555
414788
414923
415392
415655
397905
397917
397921
397921
397922
397925
397925
415002
415010
415045
415047
415176
415176
415180
409515
409515
409616
409616
410396
410397
410400
407876
407876
408071
408089
408121
408443
408478
397944
400061
400079
400098
400133
400171
401998
067905
067906
067909
067910
068028
068029
068030
415655
415668
415682
415682
384047
386107
386659
402014
402020
402025
402037
404437
404516
404520
068031
068032
068033
068034
068035
068036
068037
415180
415189
415197
415199
415252
415420
415420
404536
404857
405235
405247
405404
405988
405991
388104
388490
388490
389092
389562
389562
390076
068131
068132
068479
068588
068589
068590
068591
406256
406612
406623
406636
407184
407261
407261
408478
408483
408512
408526
408642
408784
408793
390775
390775
391111
391145
391145
391934
392443
407264
407305
407393
407783
407790
407799
407805
408847
408899
409542
409542
409552
409552
409851
415421
416006
416006
416006
065514
066365
383995
068592
068593
068594
068595
068596
068597
068599
410405
410409
410693
410694
410694
410699
410821
407829
407913
407918
409284
409288
409319
409684
392815
394366
394425
395546
395559
396286
398008
410908
410908
411056
411056
411238
411244
411477
384540
384542
385556
385556
385561
385561
385805
410051
410406
410426
410460
410510
410551
410637
409688
410132
410155
410163
410176
410881
410890
411605
411605
411675
411680
411680
411749
411795
068600
068601
068602
068603
068604
068605
068606
414265
398033
398053
398901
399468
399482
399555
399555
385808
385808
386128
386128
386136
386136
386873
068607
068608
068609
068610
068611
068612
068613
411825
412140
412155
412356
412356
412358
412553
387126
387744
387748
387749
387955
387980
388126
411087
411087
411090
411159
411285
411323
411451
068615
068616
068617
068721
068722
068723
068724
400122
400134
400134
400155
401986
401986
402847
388162
388165
388176
388217
388217
388217
388308
411557
411708
411782
411783
411827
411935
411970
412963
413156
413200
413792
414102
414137
414193
403480
403483
404093
404093
404599
404599
405999
389077
390305
390380
390927
390927
390928
390943
068725
069050
069058
069525
069537
069538
069539
412026
412052
412071
412080
412084
412092
412122
414193
414238
414298
414298
414359
414697
414697
069572
069575
070164
070170
070189
070640
070641
406305
406305
407230
407230
407504
407594
407594
414933
414939
414939
415008
415093
415093
415093
390945
390990
391703
391733
392002
392002
392312
412135
412151
412157
412227
412235
412238
412242
408235
408235
408842
409705
410915
412502
412502
392313
392313
392889
393253
393806
393828
394481
394481
394481
394488
394612
394615
394616
394625
412624
412633
413847
413938
413938
414560
414560
415202
415394
415701
415701
066161
384537
385317
412266
412338
412348
412351
412370
412393
412403
070653
070654
070655
387117
387607
387979
388634
395519
395594
395601
396248
396260
396314
397023
385580
385802
385804
386116
386119
386122
386261
412821
412943
413292
413494
413682
413685
413768
386268
386268
386670
386692
387149
387152
387657
397046
397058
397116
397128
397128
397405
397664
388959
391675
391676
391676
392065
394813
394813
387658
387683
387704
387704
387707
387885
388404
398392
398392
398392
398418
398419
398476
398480
413772
413778
413817
414347
414361
414362
414767
398508
398514
398573
398573
398656
398667
399021
388413
388420
388884
388902
388983
388983
388989
394936
395983
396615
397001
398825
398825
399016
388990
388997
389174
390259
390266
390266
390311
399138
399142
399169
399450
399450
399829
400029
414768
414842
414890
414947
415263
415375
415958
400029
400338
400338
400338
400716
400753
400803
400020
401581
401581
401824
402121
402272
402287
402489
402549
402549
402851
403459
404139
404214
400820
401042
401042
401042
403216
403246
403433
415962
415964
415975
415996
070643
384049
386328
404591
404710
404882
404882
404882
404882
406029
390369
390369
390381
390381
390693
390892
390895
406386
406516
406519
406546
407430
407430
407930
386416
386721
386961
386964
387433
387642
387900
390895
390895
390949
390971
390971
391117
391117
403449
403482
403688
403688
403746
403746
404938
388239
388497
388915
389843
391625
392032
392165
409743
409768
409777
410341
410341
410557
410557
391208
391700
391719
391719
391721
391816
391816
411735
411739
411761
411926
412044
412055
412056
392637
393226
393392
393392
393397
393930
394020
404953
404969
404969
405007
405017
405025
405025
394799
394799
395099
395099
396146
396146
396436
391816
392009
392023
392023
392306
392306
392425
396709
396709
397403
397403
398346
398346
398349
412077
412077
412136
412227
412403
412403
412455
405049
405049
405067
405067
405074
405074
405534
412481
412490
412797
412801
412941
412941
413242
398349
399434
399434
399434
399596
399596
399623
392425
393234
393234
393234
393237
393240
393240
413475
413668
413668
413970
414306
414306
414777
400081
400081
401852
401852
402001
403379
403391
403391
403742
403821
403917
403917
404531
404531
405534
405547
405600
405646
405688
405709
405709
393272
393272
393282
393282
393282
393284
393294
404657
404657
405578
405578
405588
405593
405753
414859
414996
415245
415263
415263
415823
405712
406590
406595
406595
406603
406608
406608
394610
394621
394622
394624
394624
394627
394627
405753
405768
407760
407760
407811
408404
408404
408434
408434
409547
409563
409563
409982
409982
394632
394634
394695
394695
394695
395492
395567
406609
406609
406616
407507
407567
407584
407814
410029
410036
410692
411082
411781
411781
411783
395567
395567
395575
395575
396251
396251
396251
407836
407838
407854
407874
407874
407985
407990
413862
396278
396283
396283
396309
396363
396366
396366
407992
407992
407997
407997
408012
408683
408695
396366
396368
396368
396368
397014
397425
397427
408711
409955
409955
409966
410574
410591
410593
397427
397450
397454
397454
397454
397522
398479
410606
410797
410812
410812
410838
410838
411190
398479
398577
398577
398612
398637
398655
398670
411193
411628
411947
411963
411974
412808
412988
398677
398998
398998
399032
399032
399044
399066
399066
399066
399104
399107
399107
399135
399135
412996
412996
413000
413000
413011
413023
413303
399146
399146
399151
399856
399856
399867
399906
413304
414090
414153
414156
414160
414315
414326
399906
399933
399933
399933
399946
399946
403098
414398
414747
403098
403445
403445
403627
403627
403640
403641
403641
404349
404929
404929
404962
404962
405023
065478
065480
065482
065484
065486
065488
065490
405112
405569
405569
405640
405640
405675
405692
405692
405700
405700
405706
405723
405723
405730
405730
406573
406573
406578
406578
406582
406599
406599
407204
407492
407613
407613
407710
407801
407801
407823
407967
407986
407998
408001
408001
408688
408688
408712
408719
408724
409228
410452
410597
410648
411187
411187
411318
411545
411973
412318
412962
413111
413111
413137
414442
065492
065493
065518
065519
065653
065654
065656
065695
065700
065703
065707
065710
065713
065719
065721
065722
065723
065725
065726
065728
065730
065732
065734
065735
065736
065737
065738
065739
065740
065741
065742
065744
065746
065748
065750
065753
065756
065757
065758
065759
065760
065761
065763
065764
065765
065766
065767
065768
065769
065770
065771
065772
065840
065841
066357
066467
066468
066469
066470
066474
066528
066580
066582
066587
066589
066590
066591
066592
066934
066935
066936
066937
066938
066939
066940
066941
066942
066943
066944
066945
066946
066947
066948
066949
066950
066951
066952
066953
066954
066955
066956
066957
066958
066959
066961
066962
066965
066966
066968
067215
067217
067219
067220
067221
067222
067223
067224
067227
067229
067233
067236
067238
067239
067240
067241
067242
067243
067244
067245
067246
067247
067248
067249
067250
067251
067252
067253
067254
067255
067257
067258
067259
067260
067262
067264
067266
067267
067282
067283
067285
067291
067292
067293
067294
067296
067297
067298
067299
067300
067301
067302
067303
067304
067305
067306
067307
067308
067309
067310
067312
067313
067314
067315
067316
067317
067318
067319
067320
067321
067322
067323
067324
067335
067362
067363
067364
067365
067366
067367
067368
067369
067370
067371
067372
067373
067837
067838
067840
067846
068195
068196
068198
068199
068200
068201
068202
068203
068245
068562
068564
068565
068566
068567
068568
070257
070258
070259
070260
070261
070262
070263
070264
070265
070266
070267
070268
070269
070270
070271
070272
070273
070274
070275
070286
070287
070288
070289
070290
070291
070296
070298
070298
070299
070299
070300
070300
070301
070301
070302
070302
070303
070303
070304
070304
070305
070305
070306
070306
070308
070309
070310
070311
070312
070313
070314
070315
070316
070426
070642
384046
384902
386300
386744
386963
387358
387636
387799
387801
387808
388012
388171
388241
388314
388331
388362
388364
388365
388408
388482
388734
388969
388987
389338
389763
389819
390087
390111
390119
390553
390567
390580
390593
391217
391245
391250
391259
391267
391382
391787
391851
391997
391998
392046
392442
392457
392711
392725
392725
392731
392731
392737
393053
393053
393056
393056
393137
393435
393435
394004
394461
394479
394484
394484
394504
394681
394779
394941
394941
395119
395119
395139
395139
395295
395883
395883
395916
395933
395933
395975
395975
395993
395993
396066
396069
396073
396073
396080
396083
396085
396088
396088
396118
396118
396124
396310
396361
396585
396585
396589
396673
396802
396802
396810
396815
396910
397037
397051
397073
397082
397083
397100
397103
397141
397144
397148
397166
397167
397221
397279
397280
397404
397406
397419
397439
397445
398096
398098
398161
398182
398182
398182
398190
398190
398225
398225
398225
398265
398373
398474
398506
398832
398834
398870
398870
398964
399172
399583
399949
399949
400039
400076
400159
400250
400371
400378
400382
400475
400755
400836
400836
400937
401020
401081
401082
401116
401124
401131
401153
401167
401176
401190
401251
402114
402139
403029
403029
403542
403942
403942
404327
404356
404356
404400
404459
404464
404465
404469
404473
404491
404502
404504
404514
404529
404529
404618
404677
404776
404781
404797
404798
404816
404829
404847
404851
404859
404914
405073
405100
405214
405215
405217
405237
405249
405272
405275
405280
405282
405283
405299
405309
405488
405884
405884
405915
405915
406291
406307
406381
406390
406406
406432
406466
406495
406512
406538
407834
407834
408052
408055
408058
408083
408092
408103
408142
408142
408166
408166
408172
408451
408636
408651
408694
408880
408964
408984
408988
408988
408999
409010
409028
409085
409545
409545
409638
409804
409946
410172
410190
410190
410210
410219
410267
410665
410717
410719
410719
410721
410721
410721
410902
410902
411066
411433
411433
411437
411589
411795
411826
411826
411845
411849
411849
411875
411875
412300
412426
412557
412571
412578
412610
412629
412649
412658
412687
412938
413040
413169
413911
413931
413994
414012
414329
414530
414684
414684
414684
415525
415657
415706
415710
415710
415710
415724
415724
415724
064285
064846
064855
067145
383977
384681
385500
386139
386330
386354
386361
386422
386672
386739
387407
387625
387899
387937
388683
390344
391951
392049
393109
394004
394082
395295
395470
396124
396609
396609
397012
397522
397522
397522
398341
398341
398520
399151
399151
399643
399643
400735
400735
403843
403843
404349
404349
405112
405112
405297
405297
405675
405675
406407
407204
407204
407710
407741
407967
409228
409228
410196
410197
410452
410648
411545
411766
411971
413137
414442