
BatNbr
010901    
384152    
384153    
384683    
385670    
386191    
386346    
386406    
386423    
386427    
386435    
386522    
386802    
387157    
387897    
388168    
388291    
388678    
389027    
389027    
389078    
389091    
389091    
389109    
389109    
389180    
389180    
389183    
389183    
389188    
389221    
389229    
389229    
389283    
389296    
389297    
389324    
389377    
389379    
389379    
389387    
389387    
389498    
389500    
389539    
389570    
389615    
389615    
389732    
389782    
389804    
389814    
389831    
389835    
389856    
389863    
389874    
389875    
390085    
390096    
390101    
390167    
390193    
390200    
390216    
390217    
390219    
390287    
390287    
390315    
390317    
390331    
390338    
390339    
390340    
390353    
390372    
390379    
390409    
390409    
390409    
390438    
390514    
390556    
390560    
390564    
390582    
390653    
390686    
390692    
390755    
390760    
390777    
390805    
390805    
390875    
390891    
390989    
391071    
391097    
391119    
391168    
391186    
391212    
391215    
391216    
391228    
391235    
391276    
391373    
391384    
391394    
391407    
391417    
391476    
391526    
391591    
391606    
391624    
391649    
391836    
391855    
391860    
391875    
391920    
391943    
391959    
391965    
392067    
392069    
392082    
392176    
392182    
392378    
392524    
392591    
392768    
392776    
392782    
392787    
392807    
393123    
393135    
393150    
393190    
394114    
394459    
394480    
394590    
394604    
394789    
394822    
395034    
395343    
395361    
395386    
395399    
395403    
395418    
395419    
395428    
396249    
396290    
396357    
396379    
396797    
396814    
396818    
396953    
397012    
397075    
397109    
397146    
397273    
397281    
397432    
397840    
397911    
397911    
398019    
398019    
398244    
398261    
398268    
398301    
398301    
398409    
398409    
398409    
398836    
398926    
399006    
399013    
399013    
399106    
399377    
399674    
400078    
400085    
400094    
400111    
400117    
400246    
400273    
400672    
401195    
401213    
401248    
401286    
401354    
401381    
401858    
402084    
402119    
402240    
402263    
402529    
402529    
402529    
402529    
402564    
402564    
402608    
402624    
402624    
402624    
402624    
402677    
402677    
402677    
402677    
402686    
402686    
402686    
402698    
402698    
402701    
402701    
402701    
402706    
402706    
402706    
402710    
402710    
402710    
402745    
402752    
402752    
402752    
402793    
402793    
402793    
402793    
402880    
402880    
402880    
402880    
404623    
404623    
404673    
405344    
405344    
405344    
405546    
406434    
406482    
406486    
406731    
407608    
408766    
408766    
408766    
408903    
409058    
409059    
409531    
409531    
409531    
409536    
409557    
409665    
409665    
409678    
409778    
409954    
409967    
409967    
409967    
409967    
409976    
409980    
410000    
410008    
410008    
410008    
410008    
410008    
410053    
410062    
410062    
410065    
410075    
410077    
410084    
410084    
410088    
410088    
410088    
410133    
410148    
410162    
410175    
410312    
410312    
410331    
410331    
410352    
410418    
410428    
410440    
410448    
410478    
410493    
410493    
410493    
410493    
410493    
410498    
410505    
410513    
410518    
410568    
410590    
410590    
410590    
410590    
410596    
410596    
410629    
410629    
410629    
410629    
410629    
410640    
410641    
410641    
410646    
410646    
410646    
410646    
410646    
410647    
410649    
410651    
410655    
410656    
410656    
410656    
410656    
410656    
410657    
410657    
410657    
410657    
410657    
410666    
410679    
410691    
410695    
410695    
410695    
410695    
410752    
410785    
410785    
410785    
410818    
410839    
410856    
410880    
410880    
410886    
410889    
410899    
410940    
410952    
411052    
411065    
411067    
411081    
411084    
411088    
411114    
411151    
411175    
411177    
411178    
411186    
411192    
411194    
411206    
411211    
411218    
411220    
411225    
411227    
411228    
411228    
411229    
411246    
411254    
411255    
411271    
411273    
411274    
411278    
411307    
411308    
411308    
411316    
411316    
411316    
411319    
411320    
411324    
411330    
411334    
411342    
411342    
411342    
411342    
411346    
411348    
411353    
411353    
411355    
411374    
411393    
411398    
411401    
411402    
411402    
411402    
411402    
411404    
411413    
411438    
411438    
411446    
411452    
411454    
411472    
411509    
411517    
411518    
411544    
411544    
411544    
411583    
411599    
411765    
411831    
411880    
411908    
411908    
411908    
411920    
411944    
411948    
411948    
411954    
411954    
411962    
411962    
411976    
411976    
411999    
412009    
412009    
412009    
412048    
412048    
412048    
412048    
412072    
412081    
412085    
412093    
412110    
412110    
412120    
412120    
412141    
412202    
412204    
412211    
412263    
412267    
412278    
412283    
412283    
412285    
412295    
412315    
412327    
412327    
412327    
412334    
412336    
412336    
412336    
412336    
412397    
412397    
412418    
412418    
412418    
412453    
412453    
412472    
412472    
412492    
412492    
412498    
412498    
412506    
412518    
412529    
412539    
412539    
412545    
412552    
412552    
412585    
412620    
412632    
412632    
412674    
412674    
412772    
412809    
412810    
412813    
412824    
412830    
412831    
412834    
412842    
412845    
412852    
412860    
412872    
412886    
412896    
412906    
412912    
412914    
412918    
412923    
412924    
412925    
412930    
412937    
412942    
412952    
412955    
412955    
412960    
412961    
412989    
412989    
413006    
413013    
413018    
413020    
413026    
413026    
413026    
413029    
413042    
413042    
413043    
413047    
413060    
413066    
413075    
413076    
413076    
413080    
413084    
413091    
413096    
413097    
413104    
413116    
413116    
413116    
413116    
413131    
413131    
413131    
413131    
413139    
413158    
413160    
413161    
413184    
413187    
413188    
413195    
413203    
413208    
413218    
413218    
413236    
413255    
413284    
413329    
413335    
413361    
413361    
413363    
413457    
413473    
413486    
413488    
413488    
413497    
413503    
413548    
413551    
413575    
413578    
413724    
413735    
413782    
413782    
413785    
413788    
413797    
413798    
413802    
413807    
413818    
413825    
413828    
413830    
413837    
413838    
413841    
413848    
413848    
413851    
413858    
413860    
413874    
413880    
413887    
413895    
413895    
413896    
413896    
413898    
413898    
413898    
413901    
413906    
413906    
413906    
413910    
413920    
413920    
413928    
413929    
413937    
413949    
413949    
413949    
413949    
413949    
413954    
413954    
413954    
413954    
413954    
413959    
413964    
413964    
413972    
413992    
414004    
414010    
414055    
414061    
414072    
414072    
414073    
414075    
414075    
414077    
414077    
414098    
414109    
414111    
414111    
414119    
414122    
414122    
414138    
414138    
414144    
414151    
414165    
414166    
414166    
414166    
414176    
414176    
414176    
414179    
414179    
414184    
414184    
414202    
414202    
414212    
414212    
414230    
414230    
414234    
414234    
414243    
414253    
414264    
414267    
414276    
414276    
414278    
414286    
414286    
414287    
414287    
414287    
414287    
414287    
414287    
414296    
414312    
414312    
414327    
414331    
414332    
414343    
414346    
414356    
414365    
414365    
414381    
414383    
414383    
414383    
414396    
414404    
414426    
414426    
414441    
414441    
414441    
414475    
414481    
414481    
414481    
414496    
414502    
414502    
414502    
414513    
414529    
414529    
414542    
414551    
414552    
414552    
414559    
414559    
414561    
414561    
414563    
414563    
414566    
414578    
414585    
414586    
414588    
414589    
414601    
414601    
414618    
414618    
414627    
414627    
414628    
414628    
414631    
414636    
414636    
414638    
414644    
414648    
414648    
414650    
414652    
414655    
414655    
414660    
414678    
414678    
414688    
414703    
414703    
414705    
414705    
414738    
414789    
414810    
414819    
414821    
414823    
414824    
414825    
414826    
414828    
414832    
414836    
414841    
414850    
414866    
414868    
414870    
414874    
414877    
414880    
414884    
414900    
414904    
414906    
414909    
414932    
414949    
414952    
414965    
414972    
414983    
414986    
414999    
415003    
415004    
415009    
415013    
415019    
415020    
415025    
415030    
415039    
415040    
415041    
415042    
415043    
415055    
415060    
415063    
415066    
415068    
415072    
415073    
415077    
415077    
415095    
415099    
415105    
415109    
415109    
415116    
415123    
415142    
415160    
415161    
415166    
415169    
415183    
415203    
415213    
415214    
415217    
415218    
415220    
415225    
415226    
415237    
415240    
415257    
415279    
415305    
415305    
415309    
415313    
415315    
415321    
415331    
415331    
415349    
415350    
415353    
415356    
415371    
415373    
415376    
415379    
415386    
415388    
415401    
415402    
415402    
415405    
415408    
415410    
415412    
415415    
415425    
415425    
415431    
415431    
415432    
415435    
415458    
415462    
415479    
415484    
415487    
415487    
415496    
415496    
415503    
415507    
415508    
415508    
415521    
415521    
415524    
415528    
415536    
415555    
415573    
415573    
415576    
415651    
415658    
415670    
415683    
415687    
415704    
415705    
415709    
415709    
415718    
415723    
415723    
415758    
415778    
415816    
415862    
415862    
415883    
415886    
415900    
415908    
415960    
415980    
415985    
416003    
416020    
416032    
416042    
416064    
416066    
416135    
418195    
418195    

