384152
384153
384683
386346
386435
385514
385670
386191
386406
386522
386427
386423
386802
387157
387897
388168
388291
388678
388914
389078
389091
389091
389109
389027
389027
389109
389183
389183
389188
389180
389180
389229
389229
389221
389283
389500
389782
389835
390875
391228
391943
392787
392782
389804
389299
389297
389296
389324
389498
389379
389379
389387
389387
389377
389615
389615
389539
389732
389570
389831
389814
389875
389874
389856
390101
390085
390096
390167
390200
390216
390219
390235
390193
390217
390315
390331
390372
390287
390340
390287
390379
390317
390353
390338
390339
390409
390409
390409
390438
390556
390564
390514
390560
390653
390582
390692
390777
390760
390755
390805
390805
390686
390891
390989
391071
391168
391186
391097
391119
391235
391215
391216
391526
391276
391212
391606
391624
391407
391649
391384
391476
391373
391394
391591
391634
391920
391855
392176
392067
392069
392082
394114
391417
391836
391860
391875
391959
391965
392182
392378
392524
392591
392776
392768
392807
393150
393135
393123
393190
393194
393194
394604
394459
394590
394789
394822
394480
395399
395403
395386
395361
395343
395428
395418
395419
396357
396249
396290
396379
396814
396797
396953
396818
397109
397146
397075
397273
397281
397432
397840
398019
398019
398261
398244
398268
398836
399106
398926
399674
400078
400672
400273
400085
400117
400094
400246
400111
401286
401213
401354
401195
401381
401248
401858
402084
402263
402240
402119
402608
402745
404623
404623
404673
405546
406731
407608
408766
408766
409059
408903
408766
409058
409778
409557
409531
409531
409531
409536
409678
409665
409665
409954
410008
410008
410008
409967
410052
410084
410065
410000
410077
409976
410075
410062
410062
409980
410053
410088
410088
410088
409967
410008
409967
410008
410084
409967
410148
410133
410162
410175
410312
410352
410312
410331
410331
410448
410428
410440
410418
410493
410493
410493
410498
410478
410518
410505
410493
410493
410513
410596
410596
410590
410590
410590
410590
410568
410629
410629
410646
410641
410641
410629
410646
410646
410646
410646
410629
410629
410886
410785
410785
410785
410752
410818
410856
410839
411177
411194
411254
411273
411278
411255
411246
411229
411307
411218
411211
411220
411271
411324
411225
411319
411320
411438
411438
412852
413195
413284
413236
413255
413335
413329
410666
410651
410657
410640
410647
410649
410656
410679
410695
410691
410655
410657
410657
410657
410656
410656
410656
410695
410695
410695
410657
410656
411228
411227
410889
410899
410880
410880
411228
411114
411052
411050
411151
410952
411067
411088
411050
411050
410940
411050
411192
411081
411065
411178
411206
411186
411084
411175
411308
411308
411316
411316
411316
411274
411334
411330
411452
411518
411353
411402
411446
411374
411398
411544
411342
411342
411402
411404
412081
411472
411402
411353
411348
411346
411402
411355
411544
411342
411544
411342
411393
411413
411401
411517
411454
411509
412072
411765
411583
411599
411831
411880
411999
411908
412048
412048
412048
412048
412009
412009
412009
412141
412153
411962
411944
411954
411976
411908
411948
411948
411976
411908
411962
411954
411920
412120
412110
412093
412085
412120
412110
412101
412263
412295
412267
412285
412202
412204
412278
412211
412418
412418
412418
412327
412327
412336
412772
412336
412336
412620
412539
412506
412632
412552
412529
412453
412492
412498
412472
412472
412397
412397
412334
412336
412315
412283
412283
412327
412518
412585
412539
412492
412552
412545
412632
412498
412453
412674
412674
412809
412824
412896
412834
412860
412942
412937
412872
412923
412845
412886
412924
412925
412842
412912
412831
412830
412930
412813
412810
412914
412918
412906
412952
413131
413131
413026
413042
413139
412955
412955
413363
413116
413116
413116
413361
413076
413131
413013
413006
413080
413047
413096
413361
412961
413076
413060
413097
413104
413043
413018
413187
413160
412960
413116
413131
413026
413026
412989
413188
413020
413161
413184
413084
413194
413158
413029
413075
413091
413042
413066
413457
413473
413486
413488
413218
413488
413208
413203
413218
413503
413555
413887
413807
413578
413548
413837
413802
413798
413797
413860
413794
413874
413551
413575
413880
413841
413568
413555
413570
413497
414176
414176
414122
414144
414166
414098
414176
414166
414122
414166
413735
413724
413782
413785
413782
413788
413825
413818
413828
413848
413906
413949
413954
413898
413964
413896
413830
413906
413937
413848
413906
413838
413895
413896
413949
413920
413959
413954
413949
413964
413920
413858
413898
413898
413910
413954
413851
413928
413901
413949
413954
413954
413949
413929
413992
414010
414061
414004
413972
414055
414081
414075
414072
414085
414085
414077
414077
414073
414081
414075
414088
414072
414138
414327
414119
414296
414220
414143
414331
414109
414243
414278
414230
414212
414234
414202
414184
414312
414179
414276
414230
414481
414111
414287
414287
414287
414381
414138
414267
414165
414332
414264
414151
414234
414202
414346
414253
414365
414276
414212
414312
414481
414481
414111
414287
414287
414287
414184
414179
414286
414356
414365
414286
414441
414383
414563
414383
414561
414441
414588
414404
414563
414561
414441
414383
414426
414343
414426
414396
414502
414529
414529
414502
414475
414496
414502
414513
414542
414585
414607
414586
414552
414566
414559
414601
414552
414551
414601
414559
414578
414589
414607
414648
414703
414678
414705
414628
414636
414618
414655
414627
414652
414648
414703
414678
414705
414631
414644
414628
414650
414618
414636
414655
414627
414688
414660
414738
414638
414983
415217
414877
414909
415356
415315
415203
414870
414826
414906
414810
414874
414824
414904
414866
414880
415009
414900
415309
414868
414932
414884
415349
415020
414841
414873
414825
414821
414789
414823
414836
414832
414828
414819
414850
415013
415025
414952
415030
415019
415003
414986
414949
414965
414972
415004
415039
415041
415040
414999
415042
415043
415257
415169
415166
415077
415109
415220
415066
415123
415116
415099
415160
415240
415214
415105
415142
415072
415060
415226
415213
415068
415161
415225
415055
415218
415109
415073
415237
415063
415095
415077
415183
415279
415371
415412
415321
415305
415410
415373
415405
415402
415386
415350
415313
415331
415376
415353
415388
415408
415401
415305
415331
415402
415379
415415
415536
415431
415456
415479
415508
415496
415521
415425
415487
415573
415576
415456
415573
415484
415425
415432
415496
415521
415462
415507
415555
415458
415431
415524
415435
415508
415487
415503
415528
415704
415651
415683
415687
415705
415670
415658
415709
415723
415718
415723
415709
415758
415778
415816
415862
415862
415886
415883
415908
415960
415900
416003
415965
415985
415980
416020
416066
416042
416032
416064
416135
418195
418195