2020782
1602200
1602218
1602234
1602242
1614791
1614809
1614817
1627496
1627512
1627538
1628825
1628932
1644376
1644392
1644400
1644426
1644509
1644541
1644566
1659267
1659283
1667781
1667799
1667823
1667831
1686237
1686302
1691435
1691450
1691468
1691476
1691484
1691492
1691534
1691542
1692243
1693571
1693589
1693597
1693605
1693621
1693639
1693647
1693662
1693670
1693688
1693696
1693704
1693712
1693720
1693738
1693746
1693753
1693761
1693779
1693803
1693811
1693829
1693845
1693852
1693860
1693878
1693886
1693894
1693902
1693910
1693928
1693936
1693944
1693951
1693969
1693977
1693985
1693993
1694009
1721620
1721638
1721646
1721679
1721687
1721695
1736230
1739630
1752252
1752260
1752278
1752286
1752294
1752302
1752310
1752328
1752336
1752344
1752351
1752369
1752377
1766286
1766294
1790518
1790542
1792050
1792068
1792076
1792084
1806397
1806595
1817725
1817808
1830447
1830454
1830553
1830561
1842426
1842434
1842442
1858109
1858125
1858182
1858216
1858331
1859461
1869890
1869908
1869916
1869940
1869957
1869965
1869973
1869981
1869999
1870005
1870013
1870021
1870054
1871607
1891084
1891092
1891100
1891118
1891126
1891134
1891142
1891159
1891175
1891183
1891217
1891225
1891233
1891241
1891332
1891340
1891357
1891365
1891373
1891381
1891399
1891407
1891415
1891423
1891431
1891449
1891456
1892280
1892298
1991017
1991025
1991033
1991041
1991058
1991066
1991074
1991082
1992122
1992205
1992379
1992387
1992395
1992403
1992411
1992429
1992437
1992445
1992452
1992460
1992478
1992486
1992494
1992502
2020568
2020576
2020584
2020592
2020600
2020618
2020626
2020634
2020642
2020659
2020667
2020675
2020683
2020691
2020709
2020717
2020725
2020733
2020741
2020758
2020766
2020774
2020790
2020824
2020840
2020857
2020865
2020873
2020881
2020899
2020915
2020923
2020931
2020949
2020956
2020964
2020972
2020980
2020998
2021004
2021012
2021020
2021038
2021079
2021087
2021095
2021103
2021129
2021137
2021145
2021152
2021160
2021178
2021186
2021194
2021202
2021210
2021228
2021236
2021244
2021251
2021269
2021277
2021293
2021301
2021319
2021327
2021335
2021343
2021350
2021368
2021376
2021384
2021392
2021418
2021426
2021434
2021442
2021459
2021467
2021475
2021483
2021491
2021509
2021517
2021525
2021533
2021541
2021558
2021566
2021574
2021590
2021608
2021616
2021624
2021632
2021640
2021657
2021665
2021673
2021681
2021699
2021707
2021715
2021723
2021731
2021749
2021756
2021764
2021772
2021780
2021798
2021806
2021814
2021822
2021830
2021848
2021855
2021863
2021871
2021889
2021897
2021905
2040731
2040749
2040756
2040772
2040798
2040806
2040814
2040822
2040830
2061901
2061927
2062024
2062032
2062040
2062057
2069581
2069599
2069607
2069615
2069623
2069631
2069649
2080166
2080174
2080182
2080190
2080208
2080216
2080224
2080232
2080257
2087609
2087617
2087633
2087641
2087658
2087666
2087674
2087690
2087708
2108751
2108769
2108777
2108785
2108793
2108801
2108819
2108827
2109221
2109239
2109247
2109254
2109262
2109288
2126852
2126860
2126878
2126886
2126894
2129419
2129427
2129435
2129443
2129450
2131241
2137271
2137289
2137297
2137313
2137487
2149821
2149839
2151785
2151793
2156479
2156487
2156495
2156503
2156511
2156529
2156537
2156545
2174274
2174282
2174548
2174555
2174563
2174571
2174746
2174753
2174779
2185908
2185916
2185932
2185973
2185981
2189330
2189348
2189355
2201226
2201234
90216361
150028403
150028411
150028546
150028550
150028552
160051471
160051472
160051527
160051540
160051543
160051549
160057201
160059333
160067189
160077081
160077088
160077101
160077606
160077627
160079339
170104889
170110305
170110316
170117911
170117912
170123808
170123809
170123812
170123813
170123818
170123922
170123926
170123930
170123936
170123940
170123943
170123944
170124110
170126520
170126522
170130697
170130702
170130706
170130728
170133946
170133948
170138228
170138230
170138231
170142450
170142454
170142460
170143162
170149074
170149082
170149087
170150892
170150896
180164537
180164547
180168493
180168510
180168511
180168512
180168514
180168515
180168531
180168599
180168601
180175560
180175561
180175562
180175575
180175576
180175577
180175584
180181258
180181264
180181269
180188037
180188043
180196413
180196414
180196415
180196416
180196417
180196423
180196439
180196441
180196445
180196446
180196455
180196457
180196463
180196465
180196466
180196475
180196485
180196492
180196495
180196496
180196497
180196500
180196504
180196511
180196515
180196518
180199627
180199628
180199629
180199630
180199634
180199635
180199641
180201823
180201831
180201833
190206845
190206846
190206848
190210225
190210230
190210263
190210266
190212697
190212700
190216347
190216348
190216355
190216364
190220960
190220966
190220967
190220968
190220972
190220973
190220974
700002035
700002048
700002222
700002227
700002245
700002521
700002548
700002549
700002557
700002564
700002584
700002608
700002617
700002630
700002641
700002644
700002648
700002666
700002668
700002683
700002690
700002698
700002700
700002711
700002729
700002739
700002740
700002741
700002752
700002754
700002761
700002775
700002798
700002854
700002855
700002859
700002861
700002879
700002884
700002885
700002888
700002889
700002907
700002910
700002935
700002942
700002973
700002990
700002996
700002999
700003008
700003020
700003022
700003023
700003024
700003026
700003028
700003032
700003037
700003044
700003057
700003066
700003068
700003072
700003085
700003094
700003117
700003134
700003138
700003148
700003162
700003173
700003192
700003197
700003217
700003218
700003223
700003228
700003241
700003242
700005042
700005059
700005061
700005077
700005216
700005222
700005226
700005228
700005234
700005249
700005269
700005284
700005296
700005302
700005303
700005307
700005338
700005347
700005351
700005352
700005377
700005381
700005390
700005411
700005413
700005453
700005490
700005491
700005497
700005503
700005525
700005542
700005543
700005550
700005582
700005588
700005598
700005600
700005601
700005646
700005659
700005665
700005667
700005671
700005673
700005680
700005706
700005716
700005745
700005791
700005797
700005800
700005819
700005850
700005851
700005855
700005857
700005858
700005867
700005871
700005881
700005887
700005890
700005892
700005900
700005906
700005949
700005964
700005981
700005995
700006005
700006014
700006024
700006027
700006053
700006283
700006289
700006290
700006295
700006379
700006558
700006568
700006579
700006732
700006783
700006926
700006930
700006935
700006940
700007013
700007451
700007452
700007459
700007777
700007785
700007790
700007807
700008196
700008519
700008526
700008545
700008551
700008552
700008561
700008575
700008580
700008600
700008602
700008626
700008629
700008636
700008639
700008644
700009559
700009576
700009584
700010032
700011789
700011790
700011795
700011801
700012478
700012485
700012488
700012489
700012492
700012494
700012496
700012731
700012737
700012740
700013075
700013104
700013115
700013117
700013120
700013124
700013126
700013128
700013146
700013160
700013161
700013163
700013262
700013789
700013800
700013812
700013813
700013816
700013829
700013830
700013833
700013843
700013847
700013851
700014100
700014103
700014633
700014634
700014720
700014724
700014726
700014979
700015067
700015277
700015515
700015516
700015518
700015526
700015528
700015538
700016204
700016206
700016261
700016409
700016631
700016633
700016635
700016639
700017024
700017694
700017834
700018153
700018154
700018384
700018385
700018392
700019285
700019318
700019321
700019705
700019706
700019710
700019711
700019913
700019914
700020148
700020149
700020157
700020161
700020822
700020823
700020825
700020831
700020833
700020840
700021434
700021439
700021441
700021443
700021450
700021451
700021452
700021694
700021697
700021985
700021991
700022550
700022552
700022558
700022559
700022786
700022952
700023371
700023520
700023523
700023532
700023533
700023534
700023541
700023839
700024050
700024056
700024058
700024059
700024061
700024074
700024079
700024082
700024086
700024088
700024281
700024282
700025022
700025026
700025027
700025028
700025029
700025032
700025034
700025036
700025038
700025715
700025716
700025717
700025914
700025915
700025916
700025917
700026016
700026018
700026021
700026022
700026026
700026028
700026030
700026032
700026202
700026308
700026309
700026312
700026321
700026322
700026326
700026327
700026328
700026329
700026330
700026486
700026487
700026971
700026972
700026974
700026976
700026980
700027516
700027517
700027518
700027519
700027520
700027524
700027525
700027530
700027531
700027830
700027831
700028324
700028326
700028327
700028494
700028495
700028496
700028497
700028498
700028499
700028501
700028505
700028506
700028598
700028599
700028601
700028603
700028609
700028619
700028626
700028627
700028631
700028636
700028639
700028640
700028642
700028643
700028644
700028645
700028649
700028650
700028652
700028654
700028659
700028661
700028662
700028663
700028664
700028676
700028682
700028684
700028685
700028687
700028688
700028691
700028692
700028693
700028695
700028696
700028697
700028698
700028700
700028701
700028705
700028712
700028713
700028717
700028720
700028725
700028726
700028727
700028730
700028731
700028732
700028733
700028735
700028736
700028737
700028738
700028739
700028740
700028741
700028742
700028743
700028744
700028752
700028755
700028760
700028761
700028762
700028763
700028764
700028766
700028767
700028768
700028770
700028771
700028772
700028773
700028774
700028775
700028776
700028777
700028778
700028885
700029289
700029290
700029577
700029580
700029742
700029743
700029904
700029906
700029908
700029910
700029912
700029913
700029914
700029916
700029918
700029919
700029923
700029925
700029927
700029929
700029933
700029939
700029941
700031386
700031387
700031389
700031728
700031729
700031730
700031731
700031732
700031733
700031738
700031740
700031742
700031743
700032098
700032099
700032103
700032104
700033395
700033529
700033532
700033857
700033972
700034256
700034257
700034617
700034618
700034622
700035248
700035249
700035250
700035252
700035253
700035256
700035259
700035260
700035263
700035266
700035268
700035271
700035272
700035274
700035275
700035277
700035278
700035279
700035280
700035281
700035283
700035284
700035286
700035287
700035288
700035290
700035291
700035293
700035294
700035296
700035301
700035302
700035304
700035305
700035306
700035307
700035308
700035312
700035315
700035317
700035325
700035328
700035331
700035333
700035336
700035339
700035343
700035350
700035351
700035606
700035607
700035608
700035609
700035610
700035611
700035612
700035613
700035614
700035616
700035617
700035947
700036256
700036450
700036451
700036453
700037386
700037962
700037964
700037967
700037985
700037994
700038077
700038078
700038126
700038512
700038513
700038514
700038515
700038641
700038928
700038929
700039047
700039049
700039050
700039051
700039053
700039055
700039056
700039057
700039209
700039210
700039212
700039213
700039263
700039264
700039265
700039266
700040505
700040506
700040507
700040508
700040509
700040510
700040511
700040512
700040513
700040872
700040873
700041136
700041137
700041138
700041139
700041538
700041541
700041543
700041544
700041546
800014106
800042785
800044408
800049085
800055930
1602192
1602226
1614825
1627488
1628809
1644418
1644434
1659291
1667807
1667815
1693613
1693654
1693787
1693795
1701184
1721455
1721612
1721653
1752385
1752393
1792100
1842475
1858315
1869882
1891167
1891209
1993088
2020808
2020816
2020832
2021400
2021582
2040764
2061919
2080240
2087625
2087682
2137305
2189322
70003190
150028392
160063751
160067140
160067177
160077075
160077094
160077102
160077607
170123934
170126524
170130701
170130725
170142458
170149081
170150898
180168513
180168530
180175568
180188032
180188036
180196419
180196471
180196498
180196506
180199631
180199642
190206847
190210248
190212680
700002226
700002598
700002635
700002747
700002922
700005133
700005160
700005398
700005433
700005442
700005484
700005540
700005784
700005795
700005854
700005976
700006017
700006373
700007461
700008199
700008615
700011796
700013076
700013852
700014632
700014723
700014875
700015281
700015284
700016406
700019916
700020838
700021430
700022783
700022784
700024060
700024080
700024085
700024145
700025718
700026307
700026313
700026323
700026975
700027527
700028660
700028703
700032100
700035254
700035289
700035326
700035353
700039054
700040869
800002612
800002723
800002728
800002734
800002735
800002749
800003776
800003861
800003891
800003894
800003916
800004005
800004042
800004081
800004412
800004423
800004602
800004603
800006656
800006759
800006780
800006825
800006842
800006847
800006853
800006899
800006983
800007012
800008308
800008312
800008479
800008723
800008968
800011655
800013345
800014054
800014055
800014063
800014064
800014075
800014076
800014078
800014083
800014097
800014100
800014109
800015011
800015702
800016597
800017668
800017670
800017673
800017677
800018264
800018286
800019132
800019210
800019261
800019265
800019282
800020594
800022965
800022971
800022974
800024269
800024273
800024960
800024961
800024968
800025644
800025686
800026074
800026597
800026613
800027260
800027262
800027263
800027850
800027863
800027864
800028464
800028468
800029816
800032341
800032342
800033465
800034370
800035650
800035652
800035653
800036981
800038278
800038601
800038993
800038995
800038997
800038999
800039000
800039362
800039677
800041212
800041213
800041704
800041705
800041707
800041708
800042229
800042231
800042232
800042236
800044690
800045636
800045637
800046550
800046561
800047468
800047480
800047970
800049457
800050406
800050623
800050630
800050631
800050633
800050634
800050635
800050637
800050652
800050653
800050699
800050704
800050710
800050711
800050712
800050730
800050731
800051460
800051461
800051881
800052510
800052511
800052514
800052520
800054329
800055928
800055929
800057014
800057419
800057442
800059110
800060288
800060290
800060293
800060294
800060295
800060301
800060302
800060303
800060315
800060316
800060322
800060325
800060329
800060330
800061049
800062124
800062616
800062985
800064118
800064119
800065285
800065286
800065980
800065982
800066394
800066409
800066410
800066876
800066882
800068091
800068613
800069133
800069134
800069136
800069139
800069141
800069900
800070271
800070679
900017823
900029928
2159390
170132101
190212016
800002623
800002634
800003876
800003899
800015002
800022973
800024959
800029811
800032833
800036988
800051041
800063166
900004355
900006047
900006158
900007101
900007734
900019000
900021276
900024358
900025242
900026147
900026421
900026422
900026744
900027965
900029350
900029703