1992411
1992452
1992494
1992502
1993088
2020782
2020881
2021137
2021178
2021400
1602200
1614791
1627512
1627538
1628809
1628932
1644376
1644400
1644426
1644509
1644541
1644566
1659267
1667799
1667807
1667831
1686302
1691534
1693571
1693647
1693670
1693688
1693704
1693712
1693738
1693746
1693779
1693852
1693878
1693902
1693910
1693928
1693936
1693977
1693985
1721620
1721695
1736230
1739630
1752328
1752336
1752351
1766286
1766294
1790518
1792084
1806397
1806595
1817808
1830561
1842426
1842434
1859461
1869890
1869908
1869940
1870021
1891084
1891092
1891126
1891175
1891217
1891241
1891340
1891357
1891373
1891381
1891407
1891456
1991033
1991058
1991066
1992205
1992395
1992403
1992429
1992437
1992478
1992486
2020600
2020634
2020642
2020659
2020675
2020683
2020691
2020709
2020717
2020733
2020790
2020808
2020824
2020840
2020899
2020915
2020980
2021012
2021079
2021087
2021129
2021152
2021160
2021186
2021251
2021301
2021350
2021376
2021418
2021426
2021475
2021483
2021509
2021574
2021616
2021624
2021657
2021673
2021681
2021699
2021707
2021715
2021798
2021848
2021889
2021897
2021905
2040756
2040764
2040798
2040822
2040830
2061901
2062032
2062040
2069607
2069615
2069623
2069631
2080232
2087617
2087641
2087658
2087674
2087708
2108751
2108785
2108801
2109288
2126852
2126860
2126886
2129419
2129435
2129443
2131241
2137271
2137289
2137313
2149839
2151793
2156487
2156545
2174274
2174746
2174779
2185916
2185932
2189330
2189348
2201234
70003190
90216361
150028411
160051527
160051543
160051549
160057201
160077081
160077094
160077101
160077607
170104889
170110305
170110316
170117911
170117912
170123809
170123922
170123926
170123944
170124110
170130706
170138228
170138231
170142450
170142454
170143162
170149074
170149082
170150892
180164537
180168599
180175560
180175561
180175562
180175576
180175577
180175584
180181264
180181269
180188037
180188043
180196419
180196466
180196475
180196485
180196498
180196511
180196518
180199628
180199629
180199634
180199635
180201823
180201833
190210230
190216347
190216348
190216355
190220960
190220966
190220968
190220973
700002035
700002048
700002222
700002226
700002227
700002245
700002548
700002598
700002617
700002635
700002648
700002666
700002668
700002690
700002700
700002711
700002729
700002739
700002740
700002741
700002761
700002798
700002855
700002859
700002861
700002884
700002885
700002889
700002907
700002942
700002963
700003022
700003023
700003028
700003032
700003037
700003060
700003066
700003068
700003085
700003117
700003148
700003162
700003173
700003197
700003217
700003218
700003228
700003241
700005042
700005059
700005061
700005216
700005226
700005234
700005284
700005302
700005347
700005351
700005377
700005381
700005398
700005411
700005453
700005490
700005491
700005497
700005525
700005543
700005588
700005600
700005601
700005646
700005659
700005665
700005673
700005680
700005706
700005784
700005819
700005850
700005854
700005881
700005981
700005995
700006005
700006027
700006295
700006373
700006379
700006568
700006579
700006783
700006926
700006930
700006940
700007013
700007451
700007452
700007777
700007785
700007790
700007807
700008196
700008519
700008545
700008600
700008626
700008629
700008639
700009559
700009576
700009584
700010032
700011790
700011801
700012485
700012496
700012737
700013075
700013104
700013120
700013124
700013126
700013128
700013146
700013161
700013163
700013262
700013789
700013816
700013829
700013830
700013833
700013843
700013847
700013851
700013852
700014100
700014103
700014633
700014634
700014720
700014724
700015277
700015281
700015516
700015518
700015526
700015528
700015538
700016206
700016406
700016409
700016633
700016635
700017024
700018153
700018154
700018384
700018392
700019285
700019318
700019321
700019705
700019706
700019710
700019914
700020148
700020149
700020157
700020831
700021439
700021441
700021450
700021451
700021452
700021697
700021991
700022550
700022552
700022558
700022559
700022786
700023371
700023523
700023532
700023534
700023839
700024056
700024058
700024059
700024061
700024085
700024088
700024282
700025022
700025026
700025027
700025028
700025029
700025034
700025715
700025716
700025717
700025915
700025916
700025917
700026016
700026021
700026022
700026030
700026032
700026202
700026322
700026327
700026328
700026330
700026486
700026487
700026971
700026980
700027516
700027830
700027831
700028495
700028497
700028498
700028501
700028505
700028506
700028599
700028601
700028626
700028639
700028640
700028642
700028645
700028649
700028650
700028654
700028659
700028661
700028664
700028676
700028682
700028685
700028688
700028692
700028698
700028701
700028705
700028712
700028717
700028720
700028725
700028726
700028730
700028733
700028736
700028738
700028755
700028763
700028767
700028771
700028772
700028774
700028775
700028778
700029742
700029743
700029906
700029908
700029910
700029912
700029914
700029923
700029927
700029929
700029941
700031387
700031389
700031729
700031730
700031732
700031733
700031740
700031743
700032099
700032104
700033395
700033532
700034256
700034617
700034618
700035248
700035252
700035253
700035266
700035271
700035280
700035281
700035283
700035284
700035289
700035290
700035293
700035301
700035304
700035306
700035307
700035308
700035312
700035328
700035333
700035336
700035351
700035607
700035608
700035610
700035614
700035616
700036450
700036451
700037962
700037964
700037967
700037985
700037994
700038078
700038512
700038513
700038514
700038928
700038929
700039049
700039051
700039053
700039263
700039264
700039266
700040505
700040506
700040508
700040509
700040510
700040512
700040513
700041136
700041544
700041546
800038999
800042785
800044408
800049085
800050699
800055930
800060329
1602226
1614825
1644434
1659291
1667815
1693654
1701184
1721455
1721653
1891167
1891209
2020816
2021582
2087682
150028392
160067140
160077075
160077102
170123934
170126524
170130725
170149081
180196471
180196506
180199631
180199642
700002747
700002922
700005160
700005442
700005484
700005540
700005976
700006017
700008199
700008615
700014632
700014875
700015284
700019916
700022784
700024080
700024145
700025718
700026313
700028660
700028703
700032100
700035326
700035339
700035343
700039054
700040869
800002612
800002634
800002728
800002734
800002749
800003776
800003861
800003876
800003894
800004005
800004042
800004081
800004412
800004423
800004602
800004603
800006656
800006780
800006825
800006847
800006853
800007012
800008312
800008479
800011655
800014055
800014064
800014076
800014109
800015702
800017670
800017673
800018264
800018286
800019132
800019261
800019265
800019282
800020594
800022974
800024269
800024273
800024960
800025644
800026613
800027260
800027262
800027863
800027864
800028464
800028468
800029816
800032341
800032342
800033465
800034370
800035650
800035653
800036981
800038601
800038993
800038997
800039000
800039362
800039677
800041212
800041705
800041707
800041708
800042229
800042231
800042232
800046550
800046561
800047480
800050406
800050633
800050634
800050637
800050652
800050653
800050704
800050711
800050730
800050731
800051461
800051881
800057014
800057419
800060303
800060315
800060316
800060322
800060325
800062124
800062616
800062985
800065286
800065980
800065982
800066409
800066410
800066882
800068613
800069133
800069134
800069139
800069900
800070271
900017823
900029928
2159390
170132101
190212016
800002623
800003899
800015002
800022971
800024959
800029811
800032833
800051041
900004355
900006047
900006158
900007101
900007734
900019000
900021276
900024358
900025242
900026147
900026422
900027965
900029703
1992452
1992494
1993088
2020782
2021178
2021400
2021475
1602200
1627538
1628809
1644376
1644400
1644541
1659267
1686302
1691534
1693571
1693647
1693670
1693688
1693712
1693738
1693746
1693852
1693902
1693910
1693977
1736230
1752351
1766286
1766294
1790518
1817808
1830561
1842426
1842434
1859461
1869890
1891092
1891126
1891175
1891241
1891373
1891381
1891456
1991033
1991058
1992205
1992403
2020600
2020659
2020675
2020683
2020691
2020790
2020808
2021079
2021087
2021251
2021483
2021574
2021582
2021616
2021624
2021657
2021681
2021707
2021715
2021848
2021889
2021897
2021905
2040756
2040764
2040830
2061901
2062032
2069623
2069631
2080232
2087617
2087641
2087674
2108751
2109288
2126852
2126886
2129419
2131241
2137271
2137313
2151793
2174746
2185932
2201234
70003190
90216361
150028411
160051527
160051543
160051549
160057201
160077081
160077094
160077607
170110305
170110316
170117912
170123809
170123818
170123944
170124110
170149082
180164537
180175562
180175577
180175584
180181264
180188037
180196471
180196475
180199628
180199635
180201833
190210230
190216347
190216348
190216355
190220960
190220973
700002035
700002222
700002226
700002227
700002245
700002598
700002635
700002668
700002700
700002711
700002729
700002775
700002855
700002859
700002884
700002885
700002889
700002907
700002942
700002963
700003022
700003023
700003028
700003032
700003037
700003066
700003068
700003117
700003148
700003162
700003217
700003218
700003228
700003241
700005133
700005226
700005284
700005377
700005453
700005497
700005598
700005600
700005601
700005646
700005659
700005665
700005667
700005671
700005673
700005680
700005706
700005800
700005819
700005854
700005881
700005981
700005995
700006005
700006283
700006295
700006373
700006568
700006579
700006926
700006930
700006940
700007451
700007777
700007785
700007807
700008196
700008519
700008545
700008575
700008600
700008602
700008626
700009559
700009576
700009584
700010032
700012485
700012496
700013075
700013120
700013124
700013126
700013128
700013161
700013163
700013789
700013812
700013816
700013829
700013830
700013833
700013851
700013852
700014103
700014633
700014720
700014724
700014875
700015518
700015526
700015528
700015538
700016206
700016406
700016633
700016635
700017834
700018154
700018384
700018385
700018392
700019285
700019705
700019706
700019710
700019914
700020148
700020149
700020157
700020831
700020840
700021441
700021443
700021450
700021451
700021452
700021991
700022550
700022558
700022786
700023371
700023532
700023534
700023839
700024056
700024059
700024085
700024282
700025022
700025716
700025915
700025916
700025917
700026016
700026021
700026022
700026202
700026322
700026323
700026327
700026328
700026330
700026486
700026980
700027516
700027830
700028495
700028498
700028501
700028505
700028506
700028599
700028601
700028626
700028650
700028661
700028662
700028676
700028682
700028684
700028685
700028688
700028692
700028701
700028705
700028712
700028720
700028725
700028730
700028738
700028771
700028772
700028774
700028775
700028778
700029742
700029743
700029906
700029910
700029912
700029914
700029923
700029927
700031387
700031729
700031730
700031732
700031733
700031740
700031743
700032099
700032104
700034256
700034617
700034618
700035248
700035252
700035281
700035288
700035290
700035304
700035306
700035307
700035312
700035333
700035336
700035610
700036450
700037964
700037985
700038078
700038512
700038513
700038514
700038928
700038929
700039263
700039266
700040505
700040506
700040508
700040510
700040512
700041544
700041546
800003891
800024961
800044408
800049085
800055930
800060329
1602226
1614825
1667807
1667815
1701184
1721455
1721653
1891167
2020816
2087682
150028392
160077075
160077102
170126524
180196506
180199642
700002922
700005160
700005442
700005484
700005540
700005795
700005976
700006017
700008199
700008615
700022784
700024080
700024145
700025718
700028660
700032100
700035326
800002612
800002634
800002734
800003861
800003894
800004602
800004603
800006853
800007012
800008312
800011655
800014054
800014055
800014076
800014097
800014109
800015702
800017673
800018286
800019132
800019261
800020594
800022971
800022974
800024269
800024273
800025644
800027260
800027863
800028464
800028468
800029816
800034370
800035650
800035652
800036981
800038601
800038997
800039362
800039677
800041212
800041704
800041705
800041707
800041708
800042229
800042232
800042236
800046561
800050406
800050634
800050637
800050652
800050653
800050704
800050711
800050730
800050731
800051461
800051881
800057419
800060316
800060322
800060325
800062124
800062616
800062985
800064118
800065286
800065980
800065982
800066882
800068613
800069133
800069134
800069136
800069139
800069900
800070271
900017823
900029928
1992486
1992502
170132101
190212016
800002623
800003876
800015002
800024959
800029811
800032833
800036988
800051041
900004355
900006047
900006158
900007101
900007734
900019000
900021276
900024358
900025242
900026147
900026422
900027965
900029703
1992452
1992494
1993088
2021400
1602200
1627538
1686302
1691534
1693571
1693670
1693738
1693852
1766294
1859461
1869890
1891092
1891126
1891175
1891373
1991033
1992403
2020659
2020683
2020691
2020790
2020808
2021079
2021087
2021657
2021707
2021897
2021905
2062032
2126852
2137313
2185932
70003190
150028411
160051527
160057201
160077081
160077094
160077607
170117912
170123809
170123813
170123818
170123944
170124110
170149087
180164537
180175577
180175584
180181264
180196471
180196475
190220973
700002222
700002226
700002635
700002700
700002729
700002775
700002855
700002859
700002884
700002885
700002889
700003022
700003023
700003037
700003066
700003162
700003217
700003218
700003228
700005133
700005226
700005398
700005453
700005497
700005600
700005665
700005667
700005673
700005680
700005981
700006283
700006289
700006295
700006373
700006568
700006579
700006926
700007451
700007785
700007807
700008519
700008575
700008600
700008602
700009584
700010032
700012485
700012737
700013120
700013124
700013126
700013163
700013829
700013830
700013851
700014633
700014724
700015518
700015528
700015538
700016204
700016406
700018153
700018154
700018384
700018385
700019285
700019705
700019706
700019710
700019914
700020148
700020149
700020157
700020833
700020840
700021441
700021450
700021452
700021991
700022550
700022558
700022786
700023532
700023839
700024056
700024059
700024079
700024085
700025022
700025916
700026021
700026308
700026323
700026327
700026328
700026980
700027516
700027830
700028495
700028498
700028501
700028505
700028506
700028626
700028661
700028684
700028688
700028692
700028725
700028772
700028778
700029914
700029923
700029925
700029927
700031729
700031730
700031732
700034256
700034618
700035248
700035283
700035307
700035336
700036450
700037964
700038078
700038514
700040505
700040508
700040510
700040512
800024961
800049085
800055930
1614825
1667815
2020816
160077075
170126524
700002747
700005160
700005442
700005484
700005540
700006017
700008199
700008615
700024080
700024145
700025718
700032100
800002634
800002734
800003776
800003861
800003891
800003894
800006847
800007012
800014054
800014097
800015702
800019132
800019261
800020594
800022974
800024273
800025644
800027260
800027262
800027863
800034370
800035652
800036981
800038601
800039677
800041704
800041705
800041708
800042229
800042232
800042236
800047480
800050637
800050652
800050704
800050711
800050712
800050731
800051461
800060322
800060325
800062616
800062985
800065980
800065982
800066882
800069133
800069134
800070271
900017823
1992411
1992486
700035306
190212016
800002623
800015002
800029811
800032833
800036988
800051041
900004355
900006047
900007101
900007734
900019000
900025242
900026147
900026422
900027965
900029703
1602200
1614791
1627538
1686302
1691534
1693571
1693738
2020659
2020790
2021079
2021657
2021897
2021905
70003190
160051527
160077094
170149087
180175584
180196475
190220973
700002222
700002226
700002584
700002635
700002729
700002775
700002855
700002859
700003023
700003037
700003162
700003217
700003218
700003228
700005133
700005226
700005497
700005667
700006579
700006926
700007785
700007807
700008519
700008575
700008602
700008639
700009584
700010032
700012737
700013126
700013163
700015518
700016204
700016406
700017834
700018153
700018154
700018385
700019710
700020148
700020149
700020833
700021991
700023532
700024085
700026308
700027516
700027830
700028501
700028506
700028684
700028692
700029914
700031743
700036450
700038514
800024961
800055930
1667815
700022784
700024080
700024145
700026323
700035343
800003891
800004423
800014097
800015702
800019132
800019261
800020594
800024273
800025644
800027260
800035652
800036981
800041704
800041705
800041708
800047480
800050637
800050652
800050712
800050731
800060325
800062985
800065982
800066882
800069134
1992411
1992486
170123944
700035306
190212016
800002623
800015002
800029811
800036988
800051041
900004355
900007101
900025242
900026147
900026422
1686302
1859461
2020659
170149087
180175584
700002222
700002584
700002635
700002729
700002775
700002855
700003217
700005226
700005497
700005667
700006373
700006579
700008526
700008602
700012737
700017834
700018154
700018385
700020149
700023532
700024085
700026323
700031743
700005133
800019132
800020594
800025644
800050652
800066394
800066882
170123944
800029811
900026422
900029703
700002775
700003217
700017834
700020149
700031743
800029811
700017834
700020149
800066394
700017834